0 0 1 0
0.0512821 0.0486971 0.900065 0.00127055
0.102564 0.092404 0.805373 0.00490928
0.153846 0.131389 0.715889 0.0106672
0.205128 0.165916 0.631549 0.0183088
0.25641 0.196249 0.552276 0.0276125
0.307692 0.222645 0.477971 0.0383697
0.358974 0.245355 0.40852 0.0503849
0.410256 0.264625 0.343798 0.0634755
0.461538 0.280695 0.283668 0.0774713
0.512821 0.293795 0.227981 0.092214
0.564103 0.304151 0.176584 0.107557
0.615385 0.311977 0.129314 0.123366
0.666667 0.317482 0.0860063 0.139515
0.717949 0.320863 0.0464904 0.155892
0.769231 0.322312 0.0105941 0.172391
0.820513 0.322009 -0.021856 0.188919
0.871795 0.320126 -0.0510336 0.205391
0.923077 0.316827 -0.077112 0.221729
0.974359 0.312267 -0.100263 0.237864
1.02564 0.306591 -0.120656 0.253737
1.07692 0.299936 -0.138459 0.269293
1.12821 0.292432 -0.153834 0.284485
1.17949 0.284197 -0.166942 0.299273
1.23077 0.275346 -0.177937 0.313623
1.28205 0.265981 -0.186972 0.327505
1.33333 0.2562 -0.194192 0.340896
1.38462 0.246092 -0.199738 0.353777
1.4359 0.23574 -0.203745 0.366132
1.48718 0.22522 -0.206343 0.377952
1.53846 0.214599 -0.207658 0.38923
1.58974 0.203941 -0.207806 0.399962
1.64103 0.193304 -0.206901 0.410147
1.69231 0.182737 -0.205051 0.419789
1.74359 0.172287 -0.202357 0.428891
1.79487 0.161995 -0.198914 0.437462
1.84615 0.151897 -0.194813 0.44551
1.89744 0.142024 -0.190138 0.453045
1.94872 0.132404 -0.184969 0.460081
2 0.12306 -0.179379 0.46663
