                   0                    1                  2.3         -4.44089e-16
                 0.1                 1.24                  2.5             0.111833
                 0.2                  1.5                  2.7             0.248667
                 0.3                 1.78                  2.9               0.4125
                 0.4                 2.08                  3.1             0.605333
                 0.5                  2.4                  3.3             0.829167
                 0.6                 2.74                  3.5                1.086
                 0.7                  3.1                  3.7              1.37783
                 0.8                 3.48                  3.9              1.70667
                 0.9                 3.88                  4.1               2.0745
                   1                  4.3                  4.3              2.48333
                 1.1                 4.74                  4.5              2.93517
                 1.2                  5.2                  4.7                3.432
                 1.3                 5.68                  4.9              3.97583
                 1.4                 6.18                  5.1              4.56867
                 1.5                  6.7                  5.3               5.2125
                 1.6                 7.24                  5.5              5.90933
                 1.7                  7.8                  5.7              6.66117
                 1.8                 8.38                  5.9                 7.47
                 1.9                 8.98                  6.1              8.33783
                   2                  9.6                  6.3              9.26667
                 2.1                10.24                  6.5              10.2585
                 2.2                 10.9                  6.7              11.3153
                 2.3                11.58                  6.9              12.4392
                 2.4                12.28                  7.1               13.632
                 2.5                   13                  7.3              14.8958
                 2.6                13.74                  7.5              16.2327
                 2.7                 14.5                  7.7              17.6445
                 2.8                15.28                  7.9              19.1333
                 2.9                16.08                  8.1              20.7012
                   3                 16.9                  8.3                22.35
                 3.1                17.74                  8.5              24.0818
                 3.2                 18.6                  8.7              25.8987
                 3.3                19.48                  8.9              27.8025
                 3.4                20.38                  9.1              29.7953
                 3.5                 21.3                  9.3              31.8792
                 3.6                22.24                  9.5               34.056
                 3.7                 23.2                  9.7              36.3278
                 3.8                24.18                  9.9              38.6967
                 3.9                25.18                 10.1              41.1645
                   4                 26.2                 10.3              43.7333
                 4.1                27.24                 10.5              46.4052
                 4.2                 28.3                 10.7               49.182
                 4.3                29.38                 10.9              52.0658
                 4.4                30.48                 11.1              55.0587
                 4.5                 31.6                 11.3              58.1625
                 4.6                32.74                 11.5              61.3793
                 4.7                 33.9                 11.7              64.7112
                 4.8                35.08                 11.9                68.16
                 4.9                36.28                 12.1              71.7278
                   5                 37.5                 12.3              75.4167
                 5.1                38.74                 12.5                73.68
                 5.2                   40                 12.7                78.76
                 5.3                41.28                 12.9                83.84
                 5.4                42.58                 13.1                88.92
                 5.5                 43.9                 13.3                   94
                 5.6                45.24                 13.5                99.08
                 5.7                 46.6                 13.7               104.16
                 5.8                47.98                 13.9               109.24
                 5.9                49.38                 14.1               114.32
                   6                 50.8                 14.3                119.4
