                1000             0.117901                    0
                2000             0.109048            0.0394784
                3000            0.0949524            0.0263189
                4000            0.0739811            0.0197392
                5000            0.0696218           0.00789568
                6000            0.0686776           0.00657974
                7000            0.0525722                    0
                8000            0.0529863                    0
                9000            0.0509503           0.00877298
               10000            0.0473524           0.00394784
               11000            0.0504151                    0
               12000            0.0444008                    0
               13000            0.0456461            0.0030368
               14000            0.0415884           0.00281989
               15000            0.0425426           0.00526379
               16000            0.0376243                    0
               17000            0.0365189           0.00464452
               18000            0.0359625           0.00438649
               19000            0.0354095           0.00415562
               20000            0.0340431           0.00394784
               21000            0.0334744           0.00187992
               22000            0.0324011           0.00358895
               23000            0.0330101           0.00171645
               24000            0.0311023           0.00328987
               25000            0.0327948           0.00315827
               26000            0.0316852            0.0045552
               27000             0.030215           0.00731082
               28000            0.0281343           0.00845966
               29000            0.0292114            0.0054453
               30000            0.0276142           0.00263189
               31000             0.027456           0.00382049
               32000            0.0279559            0.0037011
               33000            0.0279948           0.00239263
               34000            0.0269372                    0
               35000            0.0265244                    0
               36000            0.0272405           0.00328987
               37000            0.0252987           0.00106698
               38000            0.0248074           0.00311672
               39000            0.0247247           0.00202453
               40000            0.0246915           0.00296088
               41000            0.0239256           0.00385155
               42000            0.0245568           0.00375985
               43000            0.0245114           0.00459051
               44000            0.0238286           0.00448618
               45000            0.0232554           0.00614109
               46000            0.0238992           0.00429113
               47000            0.0233513           0.00335987
               48000            0.0231248           0.00411234
               49000            0.0225874           0.00402841
               50000            0.0218511           0.00473741
               51000            0.0214802           0.00309635
               52000              0.02136             0.003796
               53000            0.0213791           0.00223463
               54000            0.0216894           0.00219325
               55000            0.0209561           0.00215337
               56000            0.0209556           0.00281989
               57000            0.0206022           0.00346302
               58000             0.020283           0.00272265
               59000            0.0210618           0.00334563
               60000            0.0203055           0.00263189
               61000             0.020026           0.00194156
               62000            0.0204671           0.00254699
               63000            0.0197354           0.00313321
               64000            0.0190171           0.00308425
               65000            0.0192169           0.00242944
               66000            0.0191012          0.000598158
               67000            0.0186115           0.00058923
               68000            0.0187278          0.000580565
               69000            0.0189584                    0
               70000            0.0188293           0.00112795
               71000            0.0186627          0.000556034
               72000            0.0186568           0.00109662
               73000            0.0185793            0.0005408
               74000            0.0185541          0.000533492
               75000            0.0181175                    0
               76000            0.0181276           0.00103891
               77000              0.01783          0.000512707
               78000            0.0178272          0.000506134
               79000            0.0176308                    0
               80000            0.0172283                    0
               81000            0.0173918          0.000487388
               82000            0.0174278          0.000481444
               83000             0.017671                    0
               84000            0.0172594                    0
               85000            0.0171069                    0
               86000            0.0166297          0.000459051
               87000             0.016675                    0
               88000            0.0169071          0.000448618
               89000            0.0166044          0.000443578
               90000             0.016747          0.000438649
               91000            0.0162536                    0
               92000            0.0162493                    0
               93000            0.0163717          0.000424499
               94000             0.015992          0.000839966
               95000            0.0162318          0.000831125
               96000            0.0161606          0.000822467
               97000            0.0157274          0.000813988
               98000            0.0156989                    0
               99000            0.0160099          0.000398772
