               1e-07                1e-07                    1 
           0.0334751            0.0323545            0.935291
           0.0621621            0.0584431            0.885627
           0.0908492            0.0831716            0.840436
            0.119536             0.106665            0.799425
            0.148223             0.129039            0.762355
             0.17691             0.150405            0.729016
            0.205597             0.170866            0.699218
            0.234284             0.190522            0.672787
            0.262972             0.209466            0.649564
            0.291659              0.22779            0.629405
            0.320346             0.245578            0.612177
            0.349033             0.262913            0.597761
             0.37772             0.279873            0.586048
            0.406407             0.296536            0.576941
            0.435094             0.312975            0.570353
            0.463781              0.32926            0.566207
            0.492468              0.34546            0.564436
            0.521155             0.361643            0.564981
            0.549842             0.377875            0.567793
            0.578529              0.39422            0.572833
            0.607216             0.410741            0.580067
            0.635903             0.427501            0.589471
             0.66459             0.444561             0.60103
            0.693277             0.461984            0.614735
            0.721965             0.479831            0.630586
            0.750652             0.498164             0.64859
            0.779339             0.517043            0.668761
            0.808026             0.536533            0.691122
            0.836713             0.556696            0.715702
              0.8654             0.577596            0.742538
            0.894087             0.599299            0.771674
            0.922774             0.621871            0.803164
            0.951461              0.64538            0.837065
            0.980148             0.669897            0.873447
             1.00884             0.695494            0.912384
             1.03752             0.722245            0.953959
             1.06621             0.750227            0.998264
              1.0949              0.77952              1.0454
             1.12358             0.810206             1.09547
             1.15227             0.842372              1.1486
             1.18096             0.876107             1.20492
             1.20964             0.911504             1.26455
             1.23833             0.948661             1.32765
             1.26702             0.987678             1.39437
             1.29571              1.02866             1.46488
             1.32439              1.07172             1.53935
             1.35308              1.11698             1.61799
             1.38177              1.16456             1.70098
             1.41045              1.21458             1.78855
             1.43914              1.26717             1.88093
             1.46783              1.32249             1.97834
             1.49652              1.38068             2.08106
              1.5252               1.4419             2.18935
             1.55389               1.5063             2.30351
             1.58258              1.57406             2.42383
             1.61126              1.64536             2.55063
             1.63995               1.7204             2.68427
             1.66864              1.79937              2.8251
             1.69732              1.88249              2.9735
             1.72601              1.96998             3.12988
              1.7547              2.06207             3.29466
             1.78339              2.15901             3.46829
             1.81207              2.26106             3.65125
             1.84076               2.3685             3.84404
             1.86945              2.48161             4.04719
             1.89813              2.60071             4.26126
             1.92682               2.7261             4.48684
             1.95551              2.85814             4.72457
              1.9842              2.99718             4.97509
             2.01288              3.14359             5.23911
             2.04157              3.29777             5.51736
             2.07026              3.46014             5.81061
             2.09894              3.63115             6.11969
             2.12763              3.81126             6.44547
             2.15632              4.00096             6.78885
               2.185              4.20077              7.1508
             2.21223              4.40029             7.51248
             2.23946               4.6099             7.89273
             2.26669              4.83013             8.29251
             2.29392              5.06151             8.71285
             2.32115              5.30463              9.1548
             2.34838              5.56008             9.61951
             2.37561               5.8285             10.1082
             2.40284              6.11057              10.622
             2.43007              6.40698             11.1623
              2.4573              6.71847             11.7305
             2.48453              7.04582             12.3281
             2.51176              7.38985             12.9565
             2.53899              7.75143             13.6175
             2.56486                8.112              14.277
             2.59072              8.49003             14.9689
             2.61659               8.8864             15.6948
             2.64245              9.30199             16.4565
             2.66832              9.73776             17.2556
             2.69419              10.1947              18.094
             2.72005              10.6738             18.9737
             2.74592              11.1763             19.8968
             2.77179              11.7032             20.8654
             2.79765              12.2557             21.8818
             2.82352              12.8352             22.9483
             2.84939              13.4429             24.0675
             2.87525              14.0803              25.242
             2.90112              14.7488             26.4746
             2.92699              15.4499             27.7681
             2.95285              16.1854             29.1257
             2.97872              16.9567             30.5504
             3.00459              17.7658             32.0457
             3.03045              18.6146              33.615
             3.05632              19.5049             35.2622
             3.08219              20.4388              36.991
             3.10805              21.4186             38.8056
             3.13392              22.4464             40.7103
             3.15979              23.5247             42.7096
             3.18565              24.6559             44.8082
             3.21152              25.8428              47.011
             3.23739               27.088             49.3234
             3.26195              28.3273             51.6259
             3.28652              29.6244             54.0371
             3.31108              30.9821             56.5621
             3.33565              32.4033             59.2063
             3.36021              33.8909             61.9756
             3.38478              35.4482             64.8757
             3.40934              37.0783             67.9129
             3.43391              38.7848             71.0938
             3.45847              40.5712             74.4252
             3.48304              42.4413             77.9142
              3.5076              44.3991             81.5685
             3.53217              46.4488             85.3959
             3.55673              48.5946             89.4046
              3.5813              50.8412             93.6034
             3.60586              53.1934             98.0012
             3.63043              55.6561             102.608
             3.65499              58.2345             107.432
             3.67955              60.9343             112.486
             3.70412               63.761              117.78
             3.72868              66.7208             123.325
             3.75325                69.82             129.134
             3.77781              73.0652             135.219
             3.80238              76.4634             141.593
             3.82694              80.0217              148.27
             3.85151              83.7479             155.264
             3.87607              87.6499             162.591
             3.90064              91.7361             170.267
              3.9252              96.0152             178.309
             3.94977              100.496             186.733
             3.97433              105.189             195.558
              3.9989              110.104             204.804
             4.02346              115.252             214.491
             4.04803              120.642             224.639
             4.07259              126.288             235.271
             4.09716              132.201             246.411
             4.12172              138.394             258.081
             4.14629              144.881             270.309
             4.17085              151.675              283.12
             4.19542              158.791             296.543
             4.21998              166.244             310.607
             4.24455              174.051             325.343
             4.26911              182.228             340.783
             4.29368              190.794             356.961
             4.31824              199.766             373.912
             4.34281              209.164             391.674
             4.36737              219.009             410.285
             4.39194              229.321             429.786
              4.4165              240.124             450.221
             4.44107              251.441             471.634
             4.46563              263.296             494.071
              4.4902              275.715             517.584
             4.51476              288.725             542.222
             4.53932              302.354             568.041
             4.56389              316.633             595.096
             4.58845              331.592             623.449
             4.61302              347.263             653.161
             4.63758              363.682             684.297
             4.66215              380.883             716.927
             4.68671              398.904             751.121
             4.71128              417.786             786.957
             4.73584              437.568             824.512
             4.76041              458.294              863.87
             4.78497               480.01             905.117
             4.80954              502.763             948.345
              4.8341              526.603              993.65
             4.85867              551.581             1041.13
             4.88323              577.754             1090.89
              4.9078              605.177             1143.05
             4.93236              633.912             1197.71
             4.95693              664.021                1255
             4.98149               695.57             1315.04
             5.00606              728.629             1377.97
             5.03062               763.27             1443.93
             5.05519               799.57             1513.06
             5.07975              837.607             1585.52
             5.10432              877.467             1661.47
             5.12888              919.236             1741.07
             5.15345              963.006             1824.51
             5.17801              1008.87             1911.96
             5.20258              1056.94             2003.63
             5.22714              1107.31             2099.71
             5.25171               1160.1             2200.42
             5.27627              1215.42             2305.99
             5.30084               1273.4             2416.65
              5.3254              1334.15             2532.64
             5.34997              1397.82             2654.22
             5.37453              1464.55             2781.67
             5.39909              1534.49             2915.26
             5.42366              1607.78              3055.3
             5.44822               1684.6              3202.1
             5.47279               1765.1             3355.98
             5.49735              1849.48             3517.29
             5.52192              1937.91             3686.38
             5.54648              2030.59             3863.65
             5.57105              2127.73             4049.47
             5.59561              2229.54             4244.26
             5.62018              2336.25             4448.47
             5.64474               2448.1             4662.54
             5.66931              2565.32             4886.96
             5.69387              2688.19             5122.22
             5.71721              2810.39             5356.24
             5.74054              2938.18                5601
             5.76388               3071.8             5856.98
             5.78721              3211.53             6124.71
             5.81055              3357.64             6404.72
             5.83388              3510.44             6697.59
             5.85722              3670.23              7003.9
             5.88055              3837.32             7324.27
             5.90389              4012.06             7659.36
             5.92723              4194.79             8009.83
             5.95056              4385.88              8376.4
              5.9739              4585.72             8759.81
             5.99723              4794.71             9160.83
             6.02057              5013.27             9580.28
              6.0439              5241.83               10019
             6.06724              5480.87             10477.9
             6.09057              5730.85             10957.9
             6.11391              5992.28             11459.9
             6.13724              6265.69             11985.1
             6.16058              6551.64             12534.3
             6.18391              6850.68             13108.9
             6.20725              7163.44             13709.9
             6.23058              7490.54             14338.5
             6.25392              7832.63               14996
             6.27725              8190.41             15683.8
             6.30059              8564.61             16403.2
             6.32392              8955.97             17155.8
             6.34726              9365.29               17943
             6.37059              9793.39             18766.4
             6.39393              10241.1             19627.8
             6.41727              10709.4             20528.8
              6.4406              11199.2             21471.3
             6.46394              11711.5             22457.2
             6.48727              12247.3             23488.5
             6.51061              12807.7             24567.4
             6.53394              13393.9             25695.9
             6.55728                14007             26876.4
             6.58061              14648.3             28111.4
             6.60395                15319             29403.3
             6.62728              16020.5             30754.7
             6.65062              16754.3             32168.4
             6.67395              17521.9             33647.3
             6.69729              18324.7             35194.4
             6.72062              19164.4             36812.9
             6.74396              20042.8             38505.9
             6.76729              20961.5             40277.1
             6.79063              21922.6               42130
             6.81396              22927.8             44068.4
              6.8373              23979.3             46096.2
             6.86063              25079.1             48217.6
             6.88397              26229.6             50436.9
             6.90731              27433.1             52758.6
             6.93064              28691.9             55187.5
             6.95398              30008.7             57728.5
             6.97731              31386.2             60386.8
             7.00065              32827.1             63167.9
             7.02398              34334.3             66077.4
             7.04732                35911             69121.3
             7.07065              37560.2             72305.8
             7.09399              39285.5             75637.4
             7.11732              41090.3             79122.9
             7.14066              42978.3             82769.4
             7.16399              44953.3             86584.5
             7.18733              47019.3             90575.8
             7.21066              49180.5             94751.6
               7.234              51441.4             99120.4
             7.25733              53806.6              103691
             7.28067              56280.8              108473
               7.304              58869.1              113476
             7.32734              61576.8              118711
             7.35067              64409.5              124187
             7.37401              67372.8              129917
             7.39735              70472.8              135912
             7.42068              73715.9              142184
             7.44402              77108.7              148746
             7.46735              80658.1              155612
             7.49069              84371.3              162796
             7.51402              88255.9              170312
             7.53736              92319.9              178175
             7.56069              96571.5              186403
             7.58403               101019              195011
             7.60736               105673              204018
              7.6307               110541              213442
             7.65403               115634              223303
             7.67737               120963              233619
              7.7007               126538              244414
             7.72404               132370              255708
             7.74737               138472              267526
             7.77071               144856              279890
             7.79404               151535              292828
             7.81738               158522              306365
             7.84071               165833              320529
             7.86405               173482              335349
             7.88739               181484              350856
             7.91072               189856              367081
             7.93406               198616              384059
             7.95739               207781              401823
             7.98073               217370              420411
                   8               225624              436413
