                   0                    0                    1 
                 0.1                 0.1               0.995
                 0.2               0.199            0.980025
                 0.3            0.296008            0.955225
                 0.4             0.39005            0.920848
                 0.5            0.480185            0.877239
                 0.6            0.565507            0.824834
                 0.7            0.645163            0.764159
                 0.8            0.718353            0.695822
                 0.9            0.784344            0.620508
                   1            0.842473            0.538971
                 1.1            0.892158            0.452029
                 1.2              0.9329            0.360553
                 1.3             0.96429             0.26546
                 1.4            0.986015            0.167704
                 1.5            0.997855           0.0682636
                 1.6            0.999692          -0.0318633
                 1.7            0.991508           -0.131673
                 1.8            0.973383           -0.230166
                 1.9            0.945499           -0.326353
                   2            0.908136           -0.419271
                 2.1            0.861669           -0.507988
                 2.2            0.806561           -0.591615
                 2.3            0.743367           -0.669313
                 2.4            0.672719           -0.740304
                 2.5            0.595325           -0.803874
                 2.6            0.511961           -0.859387
                 2.7            0.423462           -0.906286
                 2.8            0.330716           -0.944101
                 2.9            0.234653           -0.972452
                   3            0.136234           -0.991055
                 3.1           0.0364476           -0.999723
                 3.2           -0.063707            -0.99837
                 3.3           -0.163225           -0.987007
                 3.4            -0.26111           -0.965749
                 3.5           -0.356379            -0.93481
                 3.6           -0.448078           -0.894498
                 3.7           -0.535288           -0.845217
                 3.8           -0.617133           -0.787462
                 3.9           -0.692794           -0.721812
                   4           -0.761511           -0.648923
                 4.1           -0.822596           -0.569528
                 4.2           -0.875435           -0.484421
                 4.3             -0.9195           -0.394455
                 4.4           -0.954348           -0.300533
                 4.5            -0.97963           -0.203595
                 4.6           -0.995091           -0.104614
                 4.7            -1.00058         -0.00458191
                 4.8           -0.996032           0.0954987
                 4.9           -0.981502            0.194624
                   5           -0.957132            0.291802
                 5.1           -0.923167            0.386056
                 5.2           -0.879945            0.476442
                 5.3           -0.827901            0.562055
                 5.4           -0.767556            0.642034
                 5.5           -0.699515             0.71558
                 5.6            -0.62446            0.781953
                 5.7           -0.543142             0.84049
                 5.8           -0.456377            0.890601
                 5.9           -0.365035            0.931786
                   6           -0.270031            0.963631
                 6.1           -0.172318            0.985816
                 6.2           -0.072875            0.998118
             6.28319           0.0104059             1.00073
