                   0                6e+06                   50                    0 
                 0.1               6e+06             52.9136            0.514167
                 0.2         5.99999e+06              55.997             1.05829
                 0.3         5.99999e+06             59.2601             1.63413
                 0.4         5.99999e+06             62.7133             2.24352
                 0.5         5.99998e+06             66.3677             2.88842
                 0.6         5.99998e+06             70.2351              3.5709
                 0.7         5.99997e+06             74.3278             4.29315
                 0.8         5.99997e+06              78.659             5.05749
                 0.9         5.99996e+06             83.2426             5.86637
                   1         5.99996e+06             88.0933             6.72238
                 1.1         5.99995e+06             93.2267             7.62827
                 1.2         5.99994e+06             98.6591             8.58695
                 1.3         5.99994e+06             104.408              9.6015
                 1.4         5.99993e+06             110.492             10.6752
                 1.5         5.99992e+06             116.931             11.8114
                 1.6         5.99991e+06             123.744             13.0138
                 1.7          5.9999e+06             130.955             14.2863
                 1.8          5.9999e+06             138.586              15.633
                 1.9         5.99989e+06             146.662             17.0581
                   2         5.99988e+06             155.208             18.5663
                 2.1         5.99987e+06             164.252             20.1623
                 2.2         5.99985e+06             173.823             21.8514
                 2.3         5.99984e+06             183.951             23.6389
                 2.4         5.99983e+06              194.67             25.5305
                 2.5         5.99982e+06             206.014             27.5324
                 2.6          5.9998e+06             218.018             29.6509
                 2.7         5.99979e+06             230.722             31.8928
                 2.8         5.99977e+06             244.166             34.2654
                 2.9         5.99975e+06             258.394             36.7762
                   3         5.99974e+06              273.45             39.4334
                 3.1         5.99972e+06             289.384             42.2454
                 3.2          5.9997e+06             306.246             45.2212
                 3.3         5.99968e+06              324.09             48.3704
                 3.4         5.99966e+06             342.975             51.7031
                 3.5         5.99963e+06             362.959               55.23
                 3.6         5.99961e+06             384.108             58.9625
                 3.7         5.99958e+06             406.489             62.9124
                 3.8         5.99955e+06             430.174             67.0924
                 3.9         5.99952e+06             455.239              71.516
                   4         5.99949e+06             481.764             76.1974
                 4.1         5.99946e+06             509.834             81.1515
                 4.2         5.99942e+06              539.54             86.3943
                 4.3         5.99939e+06             570.976             91.9425
                 4.4         5.99935e+06             604.244             97.8141
                 4.5         5.99931e+06              639.45             104.028
                 4.6         5.99926e+06             676.707             110.603
                 4.7         5.99922e+06             716.134             117.562
                 4.8         5.99917e+06             757.858             124.926
                 4.9         5.99912e+06             802.013              132.72
                   5         5.99906e+06             848.739             140.967
                 5.1           5.999e+06             898.187             149.695
                 5.2         5.99894e+06             950.516             158.931
                 5.3         5.99888e+06             1005.89             168.705
                 5.4         5.99881e+06             1064.49             179.049
                 5.5         5.99873e+06             1126.51             189.996
                 5.6         5.99866e+06             1192.14              201.58
                 5.7         5.99857e+06             1261.59             213.839
                 5.8         5.99849e+06             1335.08             226.812
                 5.9          5.9984e+06             1412.85             240.541
                   6          5.9983e+06             1495.16              255.07
                 6.1          5.9982e+06             1582.25             270.445
                 6.2         5.99809e+06             1674.42             286.716
                 6.3         5.99797e+06             1771.95             303.934
                 6.4         5.99785e+06             1875.16             322.155
                 6.5         5.99772e+06             1984.38             341.438
                 6.6         5.99759e+06             2099.96             361.844
                 6.7         5.99744e+06             2222.27             383.438
                 6.8         5.99729e+06              2351.7              406.29
                 6.9         5.99713e+06             2488.66             430.473
                   7         5.99696e+06              2633.6             456.065
                 7.1         5.99678e+06             2786.97             483.146
                 7.2         5.99659e+06             2949.26             511.805
                 7.3         5.99639e+06                3121             542.133
                 7.4         5.99617e+06             3302.73             574.226
                 7.5         5.99595e+06             3495.03             608.189
                 7.6         5.99571e+06             3698.53             644.129
                 7.7         5.99545e+06             3913.86             682.161
                 7.8         5.99519e+06             4141.71             722.407
                 7.9          5.9949e+06             4382.82             764.997
                   8          5.9946e+06             4637.94             810.066
                 8.1         5.99428e+06             4907.91             857.758
                 8.2         5.99395e+06             5193.56             908.226
                 8.3         5.99359e+06             5495.82             961.631
                 8.4         5.99322e+06             5815.65             1018.14
                 8.5         5.99282e+06             6154.07             1077.95
                 8.6          5.9924e+06             6512.14             1141.23
                 8.7         5.99195e+06             6891.02             1208.19
                 8.8         5.99148e+06             7291.91             1279.05
                 8.9         5.99098e+06             7716.08             1354.03
                   9         5.99045e+06             8164.87             1433.38
                 9.1         5.98989e+06             8639.71             1517.33
                 9.2          5.9893e+06             9142.12             1606.17
                 9.3         5.98868e+06             9673.67             1700.18
                 9.4         5.98801e+06             10236.1             1799.65
                 9.5         5.98731e+06               10831             1904.91
                 9.6         5.98657e+06             11460.5             2016.28
                 9.7         5.98579e+06             12126.5             2134.12
                 9.8         5.98496e+06             12831.1             2258.81
                 9.9         5.98408e+06             13576.4             2390.75
                  10         5.98315e+06               14365             2530.35
                10.1         5.98217e+06             15199.1             2678.05
                10.2         5.98113e+06             16081.5             2834.34
                10.3         5.98004e+06               17015             2999.69
                10.4         5.97887e+06             18002.4             3174.64
                10.5         5.97764e+06             19046.8             3359.75
                10.6         5.97634e+06             20151.6             3555.59
                10.7         5.97497e+06             21320.1             3762.79
                10.8         5.97351e+06             22556.1                3982
                10.9         5.97197e+06             23863.3             4213.92
                  11         5.97034e+06             25245.8             4459.28
                11.1         5.96862e+06             26707.9             4718.84
                11.2          5.9668e+06             28254.1             4993.44
                11.3         5.96488e+06             29889.2             5283.94
                11.4         5.96284e+06             31618.2             5591.24
                11.5         5.96069e+06             33446.5             5916.32
                11.6         5.95841e+06             35379.7             6260.18
                11.7           5.956e+06             37423.6             6623.92
                11.8         5.95346e+06             39584.5             7008.67
                11.9         5.95077e+06             41868.9             7415.63
                  12         5.94792e+06             44283.9             7846.07
                12.1         5.94491e+06             46836.6             8301.32
                12.2         5.94173e+06             49534.7             8782.82
                12.3         5.93837e+06             52386.4             9292.04
                12.4         5.93482e+06             55400.2             9830.57
                12.5         5.93106e+06               58585             10400.1
                12.6          5.9271e+06             61950.1             11002.3
                12.7         5.92291e+06             65505.7             11639.1
                12.8         5.91848e+06             69261.9             12312.4
                12.9          5.9138e+06             73229.9             13024.4
                  13         5.90885e+06             77421.1             13777.1
                13.1         5.90363e+06             81847.5             14572.8
                13.2         5.89811e+06             86521.9               15414
                13.3         5.89229e+06             91457.5             16303.3
                13.4         5.88614e+06             96668.2             17243.2
                13.5         5.87964e+06              102169             18236.7
                13.6         5.87279e+06              107974             19286.6
                13.7         5.86555e+06              114100             20396.2
                13.8         5.85792e+06              120564             21568.7
                13.9         5.84986e+06              127384             22807.5
                  14         5.84136e+06              134576             24116.4
                14.1         5.83239e+06              142161             25499.1
                14.2         5.82293e+06              150158             26959.7
                14.3         5.81296e+06              158588             28502.3
                14.4         5.80245e+06              167472             30131.5
                14.5         5.79137e+06              176833             31851.8
                14.6         5.77969e+06              186693             33668.2
                14.7         5.76739e+06              197077             35585.7
                14.8         5.75443e+06              208009             37609.8
                14.9         5.74079e+06              219516               39746
                  15         5.72643e+06              231623             42000.2
                15.1         5.71131e+06              244357             44378.5
                15.2         5.69541e+06              257748             46887.4
                15.3         5.67869e+06              271823             49533.6
                15.4         5.66111e+06              286613               52324
                15.5         5.64264e+06              302147             55265.9
                15.6         5.62323e+06              318456               58367
                15.7         5.60284e+06              335571             61635.1
                15.8         5.58145e+06              353524             65078.5
                15.9           5.559e+06              372347             68705.7
                  16         5.53545e+06              392072             72525.5
                16.1         5.51077e+06              412732             76547.2
                16.2         5.48491e+06              434358             80780.2
                16.3         5.45783e+06              456984             85234.4
                16.4         5.42949e+06              480641               89920
                16.5         5.39984e+06              505360             94847.4
                16.6         5.36885e+06              531171              100027
                16.7         5.33647e+06              558105              105471
                16.8         5.30267e+06              586189              111189
                16.9          5.2674e+06              615451              117195
                  17         5.23064e+06              645915              123499
                17.1         5.19233e+06              677605              130113
                17.2         5.15246e+06              710542              137051
                17.3         5.11098e+06              744744              144324
                17.4         5.06788e+06              780225              151946
                17.5         5.02312e+06              816999              159929
                17.6         4.97669e+06              855074              168286
                17.7         4.92857e+06              894453              177030
                17.8         4.87874e+06              935138              186175
                17.9         4.82719e+06              977123              195733
                  18         4.77393e+06          1.0204e+06              205717
                18.1         4.71896e+06         1.06495e+06              216141
                18.2         4.66227e+06         1.11076e+06              227016
                18.3         4.60389e+06          1.1578e+06              238356
                18.4         4.54383e+06         1.20605e+06              250173
                18.5         4.48213e+06         1.25545e+06              262477
                18.6          4.4188e+06         1.30596e+06              275281
                18.7          4.3539e+06         1.35755e+06              288596
                18.8         4.28748e+06         1.41014e+06              302432
                18.9         4.21957e+06         1.46368e+06              316799
                  19         4.15025e+06         1.51809e+06              331706
                19.1         4.07958e+06         1.57331e+06              347161
                19.2         4.00764e+06         1.62924e+06              363172
                19.3         3.93451e+06          1.6858e+06              379746
                19.4         3.86027e+06         1.74289e+06              396888
                19.5         3.78502e+06         1.80043e+06              414603
                19.6         3.70886e+06          1.8583e+06              432896
                19.7         3.63188e+06          1.9164e+06              451769
                19.8         3.55421e+06         1.97461e+06              471224
                19.9         3.47595e+06         2.03284e+06              491261
                  20         3.39721e+06         2.09096e+06              511881
                20.1         3.31812e+06         2.14885e+06              533080
                20.2         3.23879e+06          2.2064e+06              554857
                20.3         3.15935e+06          2.2635e+06              577208
                20.4          3.0799e+06         2.32002e+06              600127
                20.5         3.00058e+06         2.37586e+06              623608
                20.6         2.92151e+06          2.4309e+06              647644
                20.7         2.84279e+06         2.48504e+06              672226
                20.8         2.76454e+06         2.53816e+06              697345
                20.9         2.68688e+06         2.59018e+06              722989
                  21         2.60991e+06         2.64099e+06              749148
                21.1         2.53373e+06         2.69051e+06              775809
                21.2         2.45844e+06         2.73865e+06              802958
                21.3         2.38413e+06         2.78534e+06              830582
                21.4         2.31089e+06          2.8305e+06              858665
                21.5         2.23879e+06         2.87406e+06              887192
                21.6         2.16792e+06         2.91599e+06              916146
                21.7         2.09833e+06         2.95621e+06              945512
                21.8         2.03009e+06         2.99469e+06              975271
                21.9         1.96324e+06          3.0314e+06         1.00541e+06
                  22         1.89785e+06          3.0663e+06          1.0359e+06
                22.1         1.83394e+06         3.09938e+06         1.06673e+06
                22.2         1.77155e+06         3.13062e+06         1.09789e+06
                22.3          1.7107e+06         3.16001e+06         1.12934e+06
                22.4         1.65142e+06         3.18754e+06         1.16109e+06
                22.5         1.59373e+06         3.21322e+06         1.19309e+06
                22.6         1.53763e+06         3.23707e+06         1.22535e+06
                22.7         1.48313e+06         3.25908e+06         1.25784e+06
                22.8         1.43022e+06         3.27929e+06         1.29053e+06
                22.9         1.37891e+06         3.29772e+06         1.32342e+06
                  23         1.32918e+06         3.31438e+06         1.35649e+06
                23.1         1.28102e+06         3.32932e+06         1.38971e+06
                23.2         1.23441e+06         3.34257e+06         1.42307e+06
                23.3         1.18933e+06         3.35416e+06         1.45656e+06
                23.4         1.14576e+06         3.36413e+06         1.49016e+06
                23.5         1.10368e+06         3.37253e+06         1.52384e+06
                23.6         1.06305e+06         3.37939e+06         1.55761e+06
                23.7         1.02385e+06         3.38477e+06         1.59143e+06
                23.8              986038         3.38871e+06          1.6253e+06
                23.9              949593         3.39125e+06         1.65921e+06
                  24              914476         3.39245e+06         1.69313e+06
                24.1              880653         3.39234e+06         1.72706e+06
                24.2              848088         3.39099e+06         1.76098e+06
                24.3              816745         3.38843e+06         1.79488e+06
                24.4              786588         3.38472e+06         1.82874e+06
                24.5              757581          3.3799e+06         1.86257e+06
                24.6              729686         3.37402e+06         1.89634e+06
                24.7              702869         3.36713e+06         1.93005e+06
                24.8              677093         3.35927e+06         1.96368e+06
                24.9              652323         3.35049e+06         1.99724e+06
                  25              628523         3.34083e+06         2.03069e+06
                25.1              605660         3.33034e+06         2.06405e+06
                25.2              583699         3.31905e+06          2.0973e+06
                25.3              562607         3.30701e+06         2.13043e+06
                25.4              542352         3.29426e+06         2.16344e+06
                25.5              522903         3.28083e+06         2.19632e+06
                25.6              504227         3.26676e+06         2.22906e+06
                25.7              486297          3.2521e+06         2.26165e+06
                25.8              469082         3.23687e+06          2.2941e+06
                25.9              452554          3.2211e+06         2.32639e+06
                  26              436687         3.20484e+06         2.35852e+06
                26.1              421453         3.18811e+06         2.39049e+06
                26.2              406827         3.17094e+06         2.42228e+06
                26.3              392785         3.15336e+06         2.45391e+06
                26.4              379302          3.1354e+06         2.48535e+06
                26.5              366355         3.11708e+06         2.51662e+06
                26.6              353924         3.09843e+06         2.54769e+06
                26.7              341985         3.07948e+06         2.57858e+06
                26.8              330519         3.06025e+06         2.60928e+06
                26.9              319507         3.04075e+06         2.63979e+06
                  27              308929         3.02102e+06          2.6701e+06
                27.1              298766         3.00107e+06         2.70021e+06
                27.2              289003         2.98093e+06         2.73012e+06
                27.3              279621          2.9606e+06         2.75983e+06
                27.4              270605         2.94011e+06         2.78933e+06
                27.5              261940         2.91948e+06         2.81863e+06
                27.6              253610         2.89872e+06         2.84772e+06
                27.7              245602         2.87784e+06          2.8766e+06
                27.8              237903         2.85687e+06         2.90528e+06
                27.9              230498         2.83581e+06         2.93374e+06
                  28              223376         2.81468e+06         2.96199e+06
                28.1              216526         2.79349e+06         2.99004e+06
                28.2              209934         2.77225e+06         3.01786e+06
                28.3              203592         2.75098e+06         3.04548e+06
                28.4              197488         2.72968e+06         3.07288e+06
                28.5              191612         2.70836e+06         3.10007e+06
                28.6              185955         2.68704e+06         3.12705e+06
                28.7              180507         2.66573e+06         3.15382e+06
                28.8              175261         2.64442e+06         3.18037e+06
                28.9              170208         2.62314e+06          3.2067e+06
                  29              165339         2.60188e+06         3.23283e+06
                29.1              160647         2.58066e+06         3.25874e+06
                29.2              156125         2.55948e+06         3.28444e+06
                29.3              151767         2.53835e+06         3.30993e+06
                29.4              147564         2.51728e+06         3.33521e+06
                29.5              143512         2.49626e+06         3.36028e+06
                29.6              139603         2.47531e+06         3.38513e+06
                29.7              135832         2.45443e+06         3.40978e+06
                29.8              132194         2.43363e+06         3.43422e+06
                29.9              128683         2.41291e+06         3.45846e+06
                  30              125293         2.39228e+06         3.48248e+06
                30.1              122021         2.37173e+06          3.5063e+06
                30.2              118862         2.35127e+06         3.52992e+06
                30.3              115810         2.33091e+06         3.55333e+06
                30.4              112863         2.31065e+06         3.57653e+06
                30.5              110015          2.2905e+06         3.59954e+06
                30.6              107263         2.27044e+06         3.62234e+06
                30.7              104603          2.2505e+06         3.64495e+06
                30.8              102031         2.23066e+06         3.66735e+06
                30.9             99544.8         2.21094e+06         3.68956e+06
                  31             97140.1         2.19134e+06         3.71157e+06
                31.1             94814.2         2.17185e+06         3.73339e+06
                31.2             92563.8         2.15248e+06         3.75501e+06
                31.3             90386.3         2.13323e+06         3.77644e+06
                31.4             88278.9          2.1141e+06         3.79767e+06
                31.5             86238.8         2.09509e+06         3.81872e+06
                31.6             84263.6         2.07621e+06         3.83958e+06
                31.7             82350.9         2.05745e+06         3.86024e+06
                31.8             80498.2         2.03883e+06         3.88073e+06
                31.9             78703.5         2.02033e+06         3.90102e+06
                  32             76964.6         2.00195e+06         3.92113e+06
                32.1             75279.4         1.98371e+06         3.94106e+06
                32.2             73645.9          1.9656e+06         3.96081e+06
                32.3             72062.4         1.94762e+06         3.98037e+06
                32.4             70526.9         1.92976e+06         3.99976e+06
                32.5             69037.8         1.91205e+06         4.01897e+06
                32.6             67593.3         1.89446e+06           4.038e+06
                32.7               66192           1.877e+06         4.05686e+06
                32.8             64832.3         1.85968e+06         4.07554e+06
                32.9             63512.6         1.84249e+06         4.09405e+06
                  33             62231.7         1.82543e+06         4.11239e+06
                33.1             60988.1          1.8085e+06         4.13056e+06
                33.2             59780.5         1.79171e+06         4.14856e+06
                33.3             58607.8         1.77505e+06         4.16639e+06
                33.4             57468.6         1.75852e+06         4.18406e+06
                33.5             56361.9         1.74213e+06         4.20156e+06
                33.6             55286.5         1.72586e+06          4.2189e+06
                33.7             54241.4         1.70973e+06         4.23608e+06
                33.8             53225.6         1.69373e+06          4.2531e+06
                33.9               52238         1.67786e+06         4.26995e+06
                  34             51277.8         1.66212e+06         4.28665e+06
                34.1               50344         1.64651e+06          4.3032e+06
                34.2             49435.7         1.63103e+06         4.31958e+06
                34.3             48552.1         1.61568e+06         4.33582e+06
                34.4             47692.4         1.60046e+06          4.3519e+06
                34.5             46855.8         1.58537e+06         4.36783e+06
                34.6             46041.6          1.5704e+06         4.38361e+06
                34.7               45249         1.55557e+06         4.39924e+06
                34.8             44477.3         1.54086e+06         4.41472e+06
                34.9               43726         1.52627e+06         4.43005e+06
                  35             42994.2         1.51181e+06         4.44524e+06
                35.1             42281.5         1.49748e+06         4.46029e+06
                35.2             41587.1         1.48327e+06         4.47519e+06
                35.3             40910.6         1.46919e+06         4.48995e+06
                35.4             40251.4         1.45522e+06         4.50458e+06
                35.5             39608.9         1.44138e+06         4.51906e+06
                35.6             38982.7         1.42766e+06          4.5334e+06
                35.7             38372.1         1.41407e+06         4.54761e+06
                35.8             37776.8         1.40059e+06         4.56168e+06
                35.9             37196.3         1.38723e+06         4.57562e+06
                  36             36630.1         1.37399e+06         4.58943e+06
                36.1             36077.8         1.36087e+06          4.6031e+06
                36.2               35539         1.34786e+06         4.61665e+06
                36.3             35013.3         1.33498e+06         4.63006e+06
                36.4             34500.3          1.3222e+06         4.64335e+06
                36.5             33999.6         1.30955e+06          4.6565e+06
                36.6             33510.8           1.297e+06         4.66954e+06
                36.7             33033.7         1.28457e+06         4.68244e+06
                36.8             32567.8         1.27225e+06         4.69523e+06
                36.9             32112.9         1.26005e+06         4.70789e+06
                  37             31668.6         1.24795e+06         4.72043e+06
                37.1             31234.6         1.23597e+06         4.73285e+06
                37.2             30810.7         1.22409e+06         4.74515e+06
                37.3             30396.5         1.21232e+06         4.75733e+06
                37.4             29991.8         1.20066e+06          4.7694e+06
                37.5             29596.2         1.18911e+06         4.78134e+06
                37.6             29209.7         1.17766e+06         4.79318e+06
                37.7             28831.8         1.16632e+06          4.8049e+06
                37.8             28462.4         1.15508e+06          4.8165e+06
                37.9             28101.2         1.14395e+06           4.828e+06
                  38               27748         1.13292e+06         4.83938e+06
                38.1             27402.6         1.12199e+06         4.85066e+06
                38.2             27064.7         1.11116e+06         4.86182e+06
                38.3             26734.3         1.10044e+06         4.87288e+06
                38.4               26411         1.08981e+06         4.88383e+06
                38.5             26094.6         1.07928e+06         4.89468e+06
                38.6             25785.1         1.06885e+06         4.90542e+06
                38.7             25482.2         1.05851e+06         4.91605e+06
                38.8             25185.7         1.04828e+06         4.92659e+06
                38.9             24895.4         1.03814e+06         4.93702e+06
                  39             24611.3         1.02809e+06         4.94735e+06
                39.1             24333.1         1.01814e+06         4.95758e+06
                39.2             24060.8         1.00828e+06         4.96771e+06
                39.3               23794              998510         4.97775e+06
                39.4             23532.8              988834         4.98768e+06
                39.5             23276.9              979250         4.99752e+06
                39.6             23026.2              969756         5.00727e+06
                39.7             22780.7              960351         5.01692e+06
                39.8             22540.1              951035         5.02647e+06
                39.9             22304.3              941807         5.03594e+06
                  40             22073.2              932666         5.04531e+06
                40.1             21846.8              923611         5.05459e+06
                40.2             21624.8              914642         5.06378e+06
                40.3             21407.2              905758         5.07288e+06
                40.4             21193.9              896958          5.0819e+06
                40.5             20984.8              888241         5.09082e+06
                40.6             20779.7              879607         5.09966e+06
                40.7             20578.6              871055         5.10842e+06
                40.8             20381.4              862584         5.11708e+06
                40.9             20187.9              854194         5.12567e+06
                  41             19998.2              845884         5.13417e+06
                41.1               19812              837652         5.14259e+06
                41.2             19629.4              829499         5.15092e+06
                41.3             19450.2              821424         5.15918e+06
                41.4             19274.3              813426         5.16735e+06
                41.5             19101.7              805504         5.17544e+06
                41.6             18932.4              797658         5.18346e+06
                41.7             18766.1              789887          5.1914e+06
                41.8               18603              782190         5.19926e+06
                41.9             18442.8              774566         5.20704e+06
                  42             18285.5              767016         5.21475e+06
                42.1             18131.1              759538         5.22238e+06
                42.2             17979.5              752131         5.22994e+06
                42.3             17830.6              744795         5.23742e+06
                42.4             17684.4              737530         5.24484e+06
                42.5             17540.7              730335         5.25217e+06
                42.6             17399.7              723208         5.25944e+06
                42.7             17261.1              716150         5.26664e+06
                42.8               17125              709160         5.27377e+06
                42.9             16991.2              702237         5.28082e+06
                  43             16859.8              695380         5.28781e+06
                43.1             16730.7              688590         5.29473e+06
                43.2             16603.8              681865         5.30158e+06
                43.3             16479.1              675204         5.30837e+06
                43.4             16356.5              668608         5.31509e+06
                43.5             16236.1              662075         5.32174e+06
                43.6             16117.6              655605         5.32833e+06
                43.7             16001.2              649198         5.33485e+06
                43.8             15886.8              642852         5.34131e+06
                43.9             15774.3              636568         5.34771e+06
                  44             15663.6              630344         5.35404e+06
                44.1             15554.9              624180         5.36031e+06
                44.2             15447.9              618076         5.36653e+06
                44.3             15342.7              612031         5.37268e+06
                44.4             15239.2              606044         5.37877e+06
                44.5             15137.4              600115          5.3848e+06
                44.6             15037.3              594244         5.39077e+06
                44.7             14938.9              588429         5.39668e+06
                44.8               14842              582670         5.40254e+06
                44.9             14746.7              576968         5.40834e+06
                  45             14652.9              571320         5.41408e+06
                45.1             14560.7              565727         5.41976e+06
                45.2             14469.9              560189         5.42539e+06
                45.3             14380.5              554704         5.43097e+06
                45.4             14292.6              549272         5.43649e+06
                45.5             14206.1              543893         5.44195e+06
                45.6             14120.9              538566         5.44736e+06
                45.7             14037.1              533290         5.45272e+06
                45.8             13954.5              528066         5.45803e+06
                45.9             13873.3              522893         5.46328e+06
                  46             13793.3              517770         5.46849e+06
                46.1             13714.6              512696         5.47364e+06
                46.2             13637.1              507672         5.47874e+06
                46.3             13560.7              502697         5.48379e+06
                46.4             13485.6              497769         5.48879e+06
                46.5             13411.6              492890         5.49375e+06
                46.6             13338.7              488059         5.49865e+06
                46.7             13266.9              483274         5.50351e+06
                46.8             13196.2              478536         5.50832e+06
                46.9             13126.6              473843         5.51308e+06
                  47               13058              469197          5.5178e+06
                47.1             12990.4              464596         5.52246e+06
                47.2             12923.9              460039         5.52709e+06
                47.3             12858.3              455527         5.53166e+06
                47.4             12793.7              451059          5.5362e+06
                47.5             12730.1              446634         5.54069e+06
                47.6             12667.3              442252         5.54513e+06
                47.7             12605.6              437913         5.54953e+06
                47.8             12544.7              433617         5.55389e+06
                47.9             12484.7              429362          5.5582e+06
                  48             12425.6              425149         5.56248e+06
                48.1             12367.3              420976         5.56671e+06
                48.2             12309.9              416845          5.5709e+06
                48.3             12253.3              412754         5.57504e+06
                48.4             12197.5              408702         5.57915e+06
                48.5             12142.5              404690         5.58322e+06
                48.6             12088.3              400718         5.58724e+06
                48.7             12034.8              396784         5.59123e+06
                48.8             11982.1              392888         5.59518e+06
                48.9             11930.2              389030         5.59909e+06
                  49               11879              385211         5.60296e+06
                49.1             11828.5              381428         5.60679e+06
                49.2             11778.7              377682         5.61059e+06
                49.3             11729.7              373973         5.61435e+06
                49.4             11681.3              370300         5.61807e+06
                49.5             11633.5              366663         5.62175e+06
                49.6             11586.5              363062          5.6254e+06
                49.7             11540.1              359496         5.62901e+06
                49.8             11494.3              355964         5.63259e+06
                49.9             11449.1              352467         5.63613e+06
                  50             11404.6              349004         5.63964e+06
                50.1             11360.7              345576         5.64311e+06
                50.2             11317.4              342180         5.64655e+06
                50.3             11274.6              338818         5.64996e+06
                50.4             11232.5              335489         5.65333e+06
                50.5             11190.9              332192         5.65667e+06
                50.6             11149.9              328927         5.65997e+06
                50.7             11109.4              325695         5.66325e+06
                50.8             11069.4              322494         5.66649e+06
                50.9               11030              319324          5.6697e+06
                  51             10991.2              316186         5.67287e+06
                51.1             10952.8              313078         5.67602e+06
                51.2               10915              310000         5.67913e+06
                51.3             10877.6              306953         5.68222e+06
                51.4             10840.8              303936         5.68527e+06
                51.5             10804.4              300948          5.6883e+06
                51.6             10768.5              297989         5.69129e+06
                51.7             10733.1              295059         5.69426e+06
                51.8             10698.1              292158         5.69719e+06
                51.9             10663.6              289285          5.7001e+06
                  52             10629.6              286441         5.70298e+06
                52.1               10596              283624         5.70583e+06
                52.2             10562.8              280835         5.70865e+06
                52.3             10530.1              278073         5.71145e+06
                52.4             10497.7              275339         5.71421e+06
                52.5             10465.8              272631         5.71695e+06
                52.6             10434.3              269950         5.71967e+06
                52.7             10403.2              267295         5.72235e+06
                52.8             10372.5              264665         5.72501e+06
                52.9             10342.2              262062         5.72765e+06
                  53             10312.3              259484         5.73025e+06
                53.1             10282.8              256932         5.73284e+06
                53.2             10253.6              254405         5.73539e+06
                53.3             10224.8              251902         5.73792e+06
                53.4             10196.4              249424         5.74043e+06
                53.5             10168.3              246970         5.74291e+06
                53.6             10140.6              244540         5.74537e+06
                53.7             10113.2              242134          5.7478e+06
                53.8             10086.1              239752         5.75021e+06
                53.9             10059.4              237393          5.7526e+06
                  54             10033.1              235057         5.75496e+06
                54.1               10007              232744          5.7573e+06
                54.2             9981.31              230454         5.75961e+06
                54.3             9955.91              228186         5.76191e+06
                54.4             9930.82              225941         5.76418e+06
                54.5             9906.05              223717         5.76643e+06
                54.6             9881.57              221516         5.76865e+06
                54.7              9857.4              219336         5.77086e+06
                54.8             9833.53              217177         5.77304e+06
                54.9             9809.95              215040          5.7752e+06
                  55             9786.65              212923         5.77734e+06
                55.1             9763.64              210827         5.77946e+06
                55.2             9740.91              208752         5.78156e+06
                55.3             9718.45              206698         5.78363e+06
                55.4             9696.27              204663         5.78569e+06
                55.5             9674.35              202648         5.78773e+06
                55.6              9652.7              200654         5.78974e+06
                55.7             9631.31              198678         5.79174e+06
                55.8             9610.18              196723         5.79372e+06
                55.9              9589.3              194786         5.79567e+06
                  56             9568.67              192868         5.79761e+06
                56.1             9548.29              190970         5.79953e+06
                56.2             9528.15              189089         5.80143e+06
                56.3             9508.25              187228         5.80331e+06
                56.4             9488.59              185384         5.80518e+06
                56.5             9469.16              183559         5.80702e+06
                56.6             9449.96              181752         5.80885e+06
                56.7             9430.99              179962         5.81066e+06
                56.8             9412.25              178190         5.81245e+06
                56.9             9393.72              176436         5.81422e+06
                  57             9375.41              174698         5.81598e+06
                57.1             9357.32              172978         5.81771e+06
                57.2             9339.44              171275         5.81944e+06
                57.3             9321.78              169588         5.82114e+06
                57.4             9304.31              167918         5.82283e+06
                57.5             9287.06              166265          5.8245e+06
                57.6                9270              164627         5.82615e+06
                57.7             9253.14              163006         5.82779e+06
                57.8             9236.48              161401         5.82941e+06
                57.9             9220.01              159811         5.83102e+06
                  58             9203.74              158237         5.83261e+06
                58.1             9187.65              156679         5.83418e+06
                58.2             9171.75              155136         5.83574e+06
                58.3             9156.03              153608         5.83729e+06
                58.4              9140.5              152095         5.83881e+06
                58.5             9125.14              150597         5.84033e+06
                58.6             9109.96              149113         5.84183e+06
                58.7             9094.95              147645         5.84331e+06
                58.8             9080.12              146190         5.84478e+06
                58.9             9065.45              144750         5.84623e+06
                  59             9050.96              143324         5.84767e+06
                59.1             9036.62              141913          5.8491e+06
                59.2             9022.46              140515         5.85051e+06
                59.3             9008.45              139130         5.85191e+06
                59.4             8994.61              137760          5.8533e+06
                59.5             8980.92              136403         5.85467e+06
                59.6             8967.38              135059         5.85602e+06
                59.7                8954              133729         5.85737e+06
                59.8             8940.77              132411          5.8587e+06
                59.9             8927.69              131107         5.86002e+06
                  60             8914.76              129815         5.86132e+06
                60.1             8901.98              128536         5.86261e+06
                60.2             8889.34              127270         5.86389e+06
                60.3             8876.84              126016         5.86516e+06
                60.4             8864.48              124774         5.86641e+06
                60.5             8852.26              123545         5.86765e+06
                60.6             8840.17              122328         5.86888e+06
                60.7             8828.23              121122          5.8701e+06
                60.8             8816.41              119929          5.8713e+06
                60.9             8804.73              118747          5.8725e+06
                  61             8793.18              117577         5.87368e+06
                61.1             8781.75              116419         5.87485e+06
                61.2             8770.46              115272         5.87601e+06
                61.3             8759.29              114136         5.87715e+06
                61.4             8748.24              113011         5.87829e+06
                61.5             8737.32              111897         5.87942e+06
                61.6             8726.51              110795         5.88053e+06
                61.7             8715.83              109703         5.88163e+06
                61.8             8705.27              108622         5.88272e+06
                61.9             8694.82              107552          5.8838e+06
                  62             8684.49              106492         5.88487e+06
                62.1             8674.27              105442         5.88593e+06
                62.2             8664.16              104403         5.88698e+06
                62.3             8654.17              103374         5.88802e+06
                62.4             8644.28              102356         5.88905e+06
                62.5              8634.5              101347         5.89007e+06
                62.6             8624.83              100348         5.89108e+06
                62.7             8615.27             99359.2         5.89208e+06
                62.8             8605.81               98380         5.89306e+06
                62.9             8596.46             97410.4         5.89404e+06
                  63              8587.2             96450.4         5.89501e+06
                63.1             8578.05             95499.8         5.89597e+06
                63.2                8569             94558.6         5.89692e+06
                63.3             8560.04             93626.7         5.89786e+06
                63.4             8551.19             92703.9         5.89879e+06
                63.5             8542.43             91790.2         5.89972e+06
                63.6             8533.76             90885.5         5.90063e+06
                63.7             8525.19             89989.7         5.90154e+06
                63.8             8516.72             89102.8         5.90243e+06
                63.9             8508.33             88224.5         5.90332e+06
                  64             8500.03               87355          5.9042e+06
                64.1             8491.83             86493.9         5.90506e+06
                64.2             8483.71             85641.4         5.90592e+06
                64.3             8475.68             84797.3         5.90678e+06
                64.4             8467.74             83961.4         5.90762e+06
                64.5             8459.88             83133.8         5.90846e+06
                64.6             8452.11             82314.4         5.90928e+06
                64.7             8444.42               81503          5.9101e+06
                64.8             8436.82             80699.6         5.91091e+06
                64.9             8429.29             79904.1         5.91172e+06
                  65             8421.85             79116.5         5.91251e+06
                65.1             8414.49             78336.6          5.9133e+06
                65.2              8407.2             77564.4         5.91408e+06
                65.3             8399.99             76799.8         5.91485e+06
                65.4             8392.87             76042.8         5.91561e+06
                65.5             8385.81             75293.2         5.91637e+06
                65.6             8378.83             74550.9         5.91712e+06
                65.7             8371.93               73816         5.91786e+06
                65.8              8365.1             73088.3          5.9186e+06
                65.9             8358.34             72367.8         5.91932e+06
                  66             8351.66             71654.4         5.92004e+06
                66.1             8345.05               70948         5.92076e+06
                66.2              8338.5             70248.6         5.92146e+06
                66.3             8332.03             69556.1         5.92216e+06
                66.4             8325.62             68870.4         5.92285e+06
                66.5             8319.29             68191.4         5.92354e+06
                66.6             8313.02             67519.2         5.92422e+06
                66.7             8306.81             66853.5         5.92489e+06
                66.8             8300.68             66194.4         5.92555e+06
                66.9              8294.6             65541.8         5.92621e+06
                  67              8288.6             64895.7         5.92687e+06
                67.1             8282.65             64255.9         5.92751e+06
                67.2             8276.77             63622.4         5.92815e+06
                67.3             8270.95             62995.1         5.92878e+06
                67.4             8265.19             62374.1         5.92941e+06
                67.5             8259.49             61759.1         5.93003e+06
                67.6             8253.85             61150.2         5.93065e+06
                67.7             8248.28             60547.3         5.93125e+06
                67.8             8242.76             59950.4         5.93186e+06
                67.9             8237.29             59359.3         5.93245e+06
                  68             8231.89               58774         5.93304e+06
                68.1             8226.54             58194.6         5.93363e+06
                68.2             8221.25             57620.8         5.93421e+06
                68.3             8216.02             57052.7         5.93478e+06
                68.4             8210.84             56490.2         5.93535e+06
                68.5             8205.71             55933.2         5.93591e+06
                68.6             8200.64             55381.7         5.93647e+06
                68.7             8195.62             54835.6         5.93702e+06
                68.8             8190.65               54295         5.93756e+06
                68.9             8185.73             53759.6          5.9381e+06
                  69             8180.87             53229.6         5.93864e+06
                69.1             8176.06             52704.7         5.93917e+06
                69.2             8171.29               52185         5.93969e+06
                69.3             8166.58             51670.5         5.94021e+06
                69.4             8161.92               51161         5.94073e+06
                69.5              8157.3             50656.5         5.94124e+06
                69.6             8152.73             50157.1         5.94174e+06
                69.7             8148.21             49662.5         5.94224e+06
                69.8             8143.74             49172.8         5.94273e+06
                69.9             8139.32             48687.9         5.94322e+06
                  70             8134.94             48207.8         5.94371e+06
                70.1              8130.6             47732.5         5.94419e+06
                70.2             8126.31             47261.8         5.94466e+06
                70.3             8122.07             46795.8         5.94513e+06
                70.4             8117.86             46334.4          5.9456e+06
                70.5             8113.71             45877.5         5.94606e+06
                70.6             8109.59             45425.1         5.94652e+06
                70.7             8105.52             44977.1         5.94697e+06
                70.8             8101.49             44533.6         5.94741e+06
                70.9              8097.5             44094.5         5.94786e+06
                  71             8093.56             43659.7          5.9483e+06
                71.1             8089.65             43229.1         5.94873e+06
                71.2             8085.79             42802.9         5.94916e+06
                71.3             8081.96             42380.8         5.94959e+06
                71.4             8078.17             41962.9         5.95001e+06
                71.5             8074.43             41549.1         5.95043e+06
                71.6             8070.72             41139.3         5.95084e+06
                71.7             8067.05             40733.7         5.95125e+06
                71.8             8063.42               40332         5.95165e+06
                71.9             8059.82             39934.2         5.95206e+06
                  72             8056.26             39540.4         5.95245e+06
                72.1             8052.74             39150.5         5.95285e+06
                72.2             8049.26             38764.4         5.95324e+06
                72.3             8045.81             38382.2         5.95362e+06
                72.4              8042.4             38003.6           5.954e+06
                72.5             8039.02             37628.9         5.95438e+06
                72.6             8035.67             37257.8         5.95476e+06
                72.7             8032.36             36890.4         5.95513e+06
                72.8             8029.09             36526.6         5.95549e+06
                72.9             8025.85             36166.4         5.95586e+06
                  73             8022.64             35809.7         5.95622e+06
                73.1             8019.46             35456.5         5.95657e+06
                73.2             8016.32             35106.9         5.95693e+06
                73.3             8013.21             34760.7         5.95728e+06
                73.4             8010.13             34417.9         5.95762e+06
                73.5             8007.08             34078.4         5.95796e+06
                73.6             8004.07             33742.4          5.9583e+06
                73.7             8001.08             33409.6         5.95864e+06
                73.8             7998.13             33080.1         5.95897e+06
                73.9              7995.2             32753.9          5.9593e+06
                  74             7992.31             32430.8         5.95963e+06
                74.1             7989.44               32111         5.95995e+06
                74.2              7986.6             31794.3         5.96027e+06
                74.3              7983.8             31480.8         5.96059e+06
                74.4             7981.02             31170.3          5.9609e+06
                74.5             7978.27             30862.9         5.96121e+06
                74.6             7975.55             30558.5         5.96152e+06
                74.7             7972.85             30257.1         5.96182e+06
                74.8             7970.19             29958.7         5.96212e+06
                74.9             7967.55             29663.3         5.96242e+06
                  75             7964.93             29370.7         5.96271e+06
