                   0                6e+06                   50                    0 
                 0.1               6e+06             51.1803            0.505833
                 0.2               6e+06             52.3884             1.02361
                 0.3         5.99999e+06             53.6251              1.5536
                 0.4         5.99999e+06             54.8909             2.09611
                 0.5         5.99999e+06             56.1866             2.65142
                 0.6         5.99999e+06              57.513             3.21984
                 0.7         5.99999e+06             58.8706             3.80168
                 0.8         5.99999e+06             60.2603             4.39726
                 0.9         5.99998e+06             61.6827             5.00689
                   1         5.99998e+06             63.1388             5.63091
                 1.1         5.99998e+06             64.6292             6.26967
                 1.2         5.99998e+06             66.1548              6.9235
                 1.3         5.99997e+06             67.7164             7.59277
                 1.4         5.99997e+06             69.3149             8.27783
                 1.5         5.99997e+06             70.9511             8.97907
                 1.6         5.99997e+06             72.6259             9.69685
                 1.7         5.99997e+06             74.3403             10.4316
                 1.8         5.99996e+06             76.0951             11.1837
                 1.9         5.99996e+06             77.8913             11.9535
                   2         5.99996e+06               79.73             12.7415
                 2.1         5.99995e+06              81.612             13.5481
                 2.2         5.99995e+06             83.5385             14.3737
                 2.3         5.99995e+06             85.5105             15.2189
                 2.4         5.99995e+06              87.529             16.0839
                 2.5         5.99994e+06             89.5951             16.9694
                 2.6         5.99994e+06               91.71             17.8759
                 2.7         5.99994e+06             93.8749             18.8037
                 2.8         5.99993e+06             96.0908             19.7534
                 2.9         5.99993e+06              98.359             20.7255
                   3         5.99993e+06             100.681             21.7205
                 3.1         5.99992e+06             103.057             22.7391
                 3.2         5.99992e+06              105.49             23.7817
                 3.3         5.99992e+06              107.98             24.8489
                 3.4         5.99991e+06             110.529             25.9413
                 3.5         5.99991e+06             113.138             27.0595
                 3.6         5.99991e+06             115.809             28.2041
                 3.7          5.9999e+06             118.542             29.3757
                 3.8          5.9999e+06             121.341             30.5749
                 3.9         5.99989e+06             124.205             31.8025
                   4         5.99989e+06             127.137              33.059
                 4.1         5.99989e+06             130.138             34.3452
                 4.2         5.99988e+06              133.21             35.6618
                 4.3         5.99988e+06             136.354             37.0094
                 4.4         5.99987e+06             139.573             38.3889
                 4.5         5.99987e+06             142.867             39.8009
                 4.6         5.99986e+06              146.24             41.2462
                 4.7         5.99986e+06             149.692             42.7257
                 4.8         5.99985e+06             153.225               44.24
                 4.9         5.99985e+06             156.842             45.7902
                   5         5.99984e+06             160.544             47.3769
                 5.1         5.99984e+06             164.334              49.001
                 5.2         5.99983e+06             168.213             50.6636
                 5.3         5.99983e+06             172.183             52.3653
                 5.4         5.99982e+06             176.247             54.1072
                 5.5         5.99981e+06             180.408             55.8903
                 5.6         5.99981e+06             184.666             57.7154
                 5.7          5.9998e+06             189.025             59.5836
                 5.8          5.9998e+06             193.487             61.4959
                 5.9         5.99979e+06             198.054             63.4533
                   6         5.99978e+06             202.729              65.457
                 6.1         5.99977e+06             207.514             67.5079
                 6.2         5.99977e+06             212.412             69.6073
                 6.3         5.99976e+06             217.426             71.7562
                 6.4         5.99975e+06             222.558             73.9558
                 6.5         5.99975e+06             227.812             76.2074
                 6.6         5.99974e+06             233.189              78.512
                 6.7         5.99973e+06             238.693             80.8711
                 6.8         5.99972e+06             244.327             83.2859
                 6.9         5.99971e+06             250.094             85.7577
                   7         5.99971e+06             255.998             88.2878
                 7.1          5.9997e+06              262.04             90.8777
                 7.2         5.99969e+06             268.225             93.5286
                 7.3         5.99968e+06             274.556             96.2422
                 7.4         5.99967e+06             281.037             99.0198
                 7.5         5.99966e+06             287.671             101.863
                 7.6         5.99965e+06             294.461             104.773
                 7.7         5.99964e+06             301.411             107.752
                 7.8         5.99963e+06             308.525             110.801
                 7.9         5.99962e+06             315.808             113.923
                   8         5.99961e+06             323.262             117.118
                 8.1          5.9996e+06             330.892             120.388
                 8.2         5.99959e+06             338.702             123.735
                 8.3         5.99958e+06             346.696             127.162
                 8.4         5.99956e+06             354.879             130.669
                 8.5         5.99955e+06             363.256              134.26
                 8.6         5.99954e+06              371.83             137.934
                 8.7         5.99953e+06             380.606             141.696
                 8.8         5.99951e+06             389.589             145.547
                 8.9          5.9995e+06             398.785             149.488
                   9         5.99949e+06             408.197             153.522
                 9.1         5.99947e+06             417.831             157.652
                 9.2         5.99946e+06             427.693             161.879
                 9.3         5.99945e+06             437.788             166.206
                 9.4         5.99943e+06             448.121             170.635
                 9.5         5.99942e+06             458.697             175.168
                 9.6          5.9994e+06             469.524             179.809
                 9.7         5.99938e+06             480.605             184.559
                 9.8         5.99937e+06             491.949             189.421
                 9.9         5.99935e+06              503.56             194.398
                  10         5.99934e+06             515.445             199.492
                10.1         5.99932e+06              527.61             204.707
                10.2          5.9993e+06             540.062             210.044
                10.3         5.99928e+06             552.809             215.508
                10.4         5.99926e+06             565.856               221.1
                10.5         5.99924e+06             579.211             226.825
                10.6         5.99922e+06             592.881             232.685
                10.7          5.9992e+06             606.873             238.683
                10.8         5.99918e+06             621.196             244.822
                10.9         5.99916e+06             635.857             251.107
                  11         5.99914e+06             650.864             257.539
                11.1         5.99912e+06             666.224             264.124
                11.2          5.9991e+06             681.948             270.864
                11.3         5.99907e+06             698.042             277.763
                11.4         5.99905e+06             714.516             284.825
                11.5         5.99903e+06             731.378             292.053
                11.6           5.999e+06             748.639             299.452
                11.7         5.99898e+06             766.307             307.026
                11.8         5.99895e+06             784.391             314.778
                11.9         5.99892e+06             802.902             322.714
                  12          5.9989e+06              821.85             330.836
                12.1         5.99887e+06             841.245             339.151
                12.2         5.99884e+06             861.098             347.661
                12.3         5.99881e+06             881.419             356.373
                12.4         5.99878e+06             902.219              365.29
                12.5         5.99875e+06              923.51             374.417
                12.6         5.99872e+06             945.304              383.76
                12.7         5.99869e+06             967.611             393.323
                12.8         5.99866e+06             990.445             403.112
                12.9         5.99862e+06             1013.82             413.132
                  13         5.99859e+06             1037.74             423.389
                13.1         5.99855e+06             1062.23             433.887
                13.2         5.99852e+06             1087.29             444.633
                13.3         5.99848e+06             1112.95             455.633
                13.4         5.99844e+06             1139.21             466.892
                13.5         5.99841e+06              1166.1             478.417
                13.6         5.99837e+06             1193.61             490.214
                13.7         5.99833e+06             1221.78              502.29
                13.8         5.99828e+06              1250.6              514.65
                13.9         5.99824e+06             1280.11             527.302
                  14          5.9982e+06             1310.32             540.252
                14.1         5.99816e+06             1341.24             553.508
                14.2         5.99811e+06             1372.88             567.077
                14.3         5.99806e+06             1405.27             580.966
                14.4         5.99802e+06             1438.43             595.182
                14.5         5.99797e+06             1472.37             609.735
                14.6         5.99792e+06             1507.11              624.63
                14.7         5.99787e+06             1542.67             639.877
                14.8         5.99782e+06             1579.06             655.483
                14.9         5.99776e+06             1616.32             671.458
                  15         5.99771e+06             1654.45              687.81
                15.1         5.99765e+06             1693.48             704.547
                15.2         5.99759e+06             1733.44             721.679
                15.3         5.99754e+06             1774.33             739.216
                15.4         5.99748e+06             1816.19             757.166
                15.5         5.99742e+06             1859.04              775.54
                15.6         5.99735e+06             1902.89             794.347
                15.7         5.99729e+06             1947.78             813.598
                15.8         5.99722e+06             1993.73             833.303
                15.9         5.99716e+06             2040.76             853.472
                  16         5.99709e+06              2088.9             874.118
                16.1         5.99702e+06             2138.18              895.25
                16.2         5.99694e+06             2188.61             916.881
                16.3         5.99687e+06             2240.24             939.023
                16.4          5.9968e+06             2293.08             961.686
                16.5         5.99672e+06             2347.17             984.884
                16.6         5.99664e+06             2402.53             1008.63
                16.7         5.99656e+06             2459.19             1032.93
                16.8         5.99647e+06              2517.2             1057.81
                16.9         5.99639e+06             2576.56             1083.28
                  17          5.9963e+06             2637.33             1109.34
                17.1         5.99621e+06             2699.53             1136.03
                17.2         5.99612e+06              2763.2             1163.34
                17.3         5.99603e+06             2828.36             1191.29
                17.4         5.99594e+06             2895.06              1219.9
                17.5         5.99584e+06             2963.33             1249.19
                17.6         5.99574e+06             3033.22             1279.17
                17.7         5.99564e+06             3104.74             1309.86
                17.8         5.99553e+06             3177.95             1341.26
                17.9         5.99542e+06             3252.89             1373.41
                  18         5.99531e+06             3329.59             1406.32
                18.1          5.9952e+06              3408.1             1440.01
                18.2         5.99509e+06             3488.45             1474.48
                18.3         5.99497e+06              3570.7             1509.78
                18.4         5.99485e+06             3654.89              1545.9
                18.5         5.99473e+06             3741.05             1582.87
                18.6          5.9946e+06             3829.25             1620.72
                18.7         5.99447e+06             3919.52             1659.46
                18.8         5.99434e+06             4011.92             1699.11
                18.9          5.9942e+06             4106.49              1739.7
                  19         5.99407e+06             4203.29             1781.24
                19.1         5.99392e+06             4302.37             1823.76
                19.2         5.99378e+06             4403.78             1867.29
                19.3         5.99363e+06             4507.57             1911.84
                19.4         5.99348e+06             4613.81             1957.44
                19.5         5.99332e+06             4722.55             2004.12
                19.6         5.99316e+06             4833.85             2051.89
                19.7           5.993e+06             4947.76             2100.79
                19.8         5.99283e+06             5064.36             2150.85
                19.9         5.99266e+06              5183.7             2202.08
                  20         5.99249e+06             5305.84             2254.52
                20.1         5.99231e+06             5430.86              2308.2
                20.2         5.99213e+06             5558.82             2363.14
                20.3         5.99194e+06             5689.79             2419.37
                20.4         5.99175e+06             5823.83             2476.93
                20.5         5.99155e+06             5961.03             2535.85
                20.6         5.99135e+06             6101.46             2596.15
                20.7         5.99115e+06             6245.18             2657.88
                20.8         5.99094e+06             6392.28             2721.06
                20.9         5.99072e+06             6542.85             2785.73
                  21          5.9905e+06             6696.94             2851.92
                21.1         5.99028e+06             6854.66             2919.66
                21.2         5.99004e+06             7016.09             2989.01
                21.3         5.98981e+06              7181.3             3059.99
                21.4         5.98957e+06              7350.4             3132.64
                21.5         5.98932e+06             7523.47             3206.99
                21.6         5.98907e+06             7700.61              3283.1
                21.7         5.98881e+06              7881.9             3361.01
                21.8         5.98854e+06             8067.45             3440.74
                21.9         5.98827e+06             8257.35             3522.36
                  22         5.98799e+06             8451.71             3605.89
                22.1         5.98771e+06             8650.64             3691.39
                22.2         5.98742e+06             8854.23              3778.9
                22.3         5.98712e+06              9062.6             3868.48
                22.4         5.98681e+06             9275.85             3960.16
                22.5          5.9865e+06             9494.11             4053.99
                22.6         5.98618e+06             9717.49             4150.04
                22.7         5.98586e+06              9946.1             4248.34
                22.8         5.98552e+06             10180.1             4348.96
                22.9         5.98518e+06             10419.5             4451.94
                  23         5.98483e+06             10664.6             4557.35
                23.1         5.98447e+06             10915.4             4665.24
                23.2          5.9841e+06             11172.1             4775.66
                23.3         5.98373e+06             11434.8             4888.68
                23.4         5.98334e+06             11703.7             5004.36
                23.5         5.98295e+06             11978.8             5122.75
                23.6         5.98255e+06             12260.4             5243.93
                23.7         5.98213e+06             12548.6             5367.96
                23.8         5.98171e+06             12843.5             5494.91
                23.9         5.98128e+06             13145.3             5624.83
                  24         5.98084e+06             13454.2             5757.81
                24.1         5.98039e+06             13770.4             5893.92
                24.2         5.97992e+06             14093.9             6033.22
                24.3         5.97945e+06             14424.9              6175.8
                24.4         5.97896e+06             14763.7             6321.72
                24.5         5.97847e+06             15110.4             6471.07
                24.6         5.97796e+06             15465.3             6623.93
                24.7         5.97744e+06             15828.4             6780.38
                24.8         5.97691e+06               16200              6940.5
                24.9         5.97637e+06             16580.2             7104.38
                  25         5.97581e+06             16969.3              7272.1
                25.1         5.97524e+06             17367.6             7443.76
                25.2         5.97466e+06             17775.1             7619.45
                25.3         5.97406e+06             18192.1             7799.26
                25.4         5.97345e+06             18618.8             7983.29
                25.5         5.97282e+06             19055.4             8171.64
                25.6         5.97218e+06             19502.3              8364.4
                25.7         5.97153e+06             19959.5             8561.69
                25.8         5.97086e+06             20427.4             8763.59
                25.9         5.97017e+06             20906.2             8970.24
                  26         5.96947e+06             21396.1             9181.72
                26.1         5.96875e+06             21897.4             9398.16
                26.2         5.96802e+06             22410.4             9619.67
                26.3         5.96727e+06             22935.3             9846.37
                26.4          5.9665e+06             23472.3             10078.4
                26.5         5.96571e+06             24021.9             10315.8
                26.6         5.96491e+06             24584.2             10558.8
                26.7         5.96408e+06             25159.6             10807.5
                26.8         5.96324e+06             25748.3               11062
                26.9         5.96238e+06             26350.6             11322.5
                  27         5.96149e+06               26967               11589
                27.1         5.96059e+06             27597.6             11861.8
                27.2         5.95967e+06             28242.8               12141
                27.3         5.95872e+06             28902.9             12426.7
                27.4         5.95775e+06             29578.3               12719
                27.5         5.95676e+06             30269.3             13018.2
                27.6         5.95575e+06             30976.3             13324.4
                27.7         5.95471e+06             31699.7             13637.8
                27.8         5.95365e+06             32439.7             13958.4
                27.9         5.95257e+06             33196.8             14286.6
                  28         5.95146e+06             33971.4             14622.3
                28.1         5.95032e+06             34763.8               14966
                28.2         5.94916e+06             35574.5             15317.6
                28.3         5.94797e+06             36403.9             15677.5
                28.4         5.94675e+06             37252.3             16045.7
                28.5         5.94551e+06             38120.3             16422.5
                28.6         5.94423e+06             39008.2             16808.1
                28.7         5.94293e+06             39916.5             17202.7
                28.8          5.9416e+06             40845.6             17606.4
                28.9         5.94023e+06             41796.1             18019.6
                  29         5.93884e+06             42768.4             18442.4
                29.1         5.93741e+06             43762.9               18875
                29.2         5.93595e+06             44780.2             19317.6
                29.3         5.93446e+06             45820.8             19770.6
                29.4         5.93293e+06             46885.1               20234
                29.5         5.93137e+06             47973.8             20708.3
                29.6         5.92977e+06             49087.3             21193.5
                29.7         5.92813e+06             50226.3               21690
                29.8         5.92646e+06             51391.1               22198
                29.9         5.92475e+06             52582.5             22717.8
                  30           5.923e+06               53801             23249.7
                30.1         5.92121e+06             55047.2             23793.9
                30.2         5.91938e+06             56321.7             24350.6
                30.3          5.9175e+06             57625.1             24920.3
                30.4         5.91559e+06               58958             25503.1
                30.5         5.91363e+06             60321.2             26099.5
                30.6         5.91163e+06             61715.1             26709.6
                30.7         5.90958e+06             63140.6             27333.8
                30.8         5.90748e+06             64598.2             27972.4
                30.9         5.90534e+06             66088.8             28625.7
                  31         5.90314e+06             67612.9             29294.2
                31.1          5.9009e+06             69171.3               29978
                31.2         5.89861e+06             70764.7             30677.6
                31.3         5.89626e+06             72393.9             31393.3
                31.4         5.89386e+06             74059.6             32125.5
                31.5         5.89141e+06             75762.7             32874.5
                31.6         5.88891e+06             77503.8             33640.7
                31.7         5.88634e+06             79283.8             34424.6
                31.8         5.88372e+06             81103.6             35226.4
                31.9         5.88104e+06             82963.9             36046.6
                  32          5.8783e+06             84865.5             36885.7
                32.1          5.8755e+06             86809.5               37744
                32.2         5.87263e+06             88796.6             38621.9
                32.3          5.8697e+06             90827.6             39519.9
                32.4         5.86671e+06             92903.7             40438.4
                32.5         5.86365e+06             95025.5               41378
                32.6         5.86052e+06             97194.2             42338.9
                32.7         5.85732e+06             99410.6             43321.8
                32.8         5.85405e+06              101676             44327.2
                32.9          5.8507e+06              103991             45355.4
                  33         5.84729e+06              106356               46407
                33.1         5.84379e+06              108773             47482.5
                33.2         5.84022e+06              111243             48582.4
                33.3         5.83658e+06              113767             49707.4
                33.4         5.83285e+06              116346             50857.8
                33.5         5.82904e+06              118981             52034.3
                33.6         5.82514e+06              121672             53237.4
                33.7         5.82116e+06              124422             54467.7
                33.8         5.81709e+06              127231             55725.9
                33.9         5.81294e+06              130101             57012.4
                  34         5.80869e+06              133032             58327.9
                34.1         5.80435e+06              136026               59673
                34.2         5.79992e+06              139085             61048.4
                34.3         5.79539e+06              142208             62454.7
                34.4         5.79076e+06              145398             63892.6
                34.5         5.78603e+06              148655             65362.7
                34.6          5.7812e+06              151981             66865.7
                34.7         5.77627e+06              155378             68402.3
                34.8         5.77123e+06              158846             69973.2
                34.9         5.76608e+06              162387             71579.2
                  35         5.76083e+06              166002               73221
                35.1         5.75546e+06              169693             74899.3
                35.2         5.74998e+06              173460             76614.8
                35.3         5.74438e+06              177305             78368.5
                35.4         5.73866e+06              181230             80160.9
                35.5         5.73282e+06              185236             81993.1
                35.6         5.72686e+06              189325             83865.7
                35.7         5.72077e+06              193497             85779.6
                35.8         5.71456e+06              197754             87735.6
                35.9         5.70822e+06              202098             89734.7
                  36         5.70174e+06              206530             91777.6
                36.1         5.69513e+06              211052             93865.3
                36.2         5.68839e+06              215664             95998.6
                36.3          5.6815e+06              220369             98178.6
                36.4         5.67448e+06              225168              100406
                36.5         5.66731e+06              230063              102682
                36.6         5.65999e+06              235054              105007
                36.7         5.65252e+06              240144              107383
                36.8         5.64491e+06              245334              109810
                36.9         5.63714e+06              250625              112290
                  37         5.62921e+06              256019              114823
                37.1         5.62112e+06              261517              117410
                37.2         5.61288e+06              267122              120053
                37.3         5.60446e+06              272834              122753
                37.4         5.59589e+06              278655              125510
                37.5         5.58714e+06              284586              128326
                37.6         5.57822e+06              290630              131201
                37.7         5.56912e+06              296787              134138
                37.8         5.55985e+06              303059              137137
                37.9          5.5504e+06              309448              140199
                  38         5.54077e+06              315954              143326
                38.1         5.53095e+06              322580              146519
                38.2         5.52095e+06              329326              149778
                38.3         5.51075e+06              336195              153105
                38.4         5.50036e+06              343188              156502
                38.5         5.48978e+06              350305              159969
                38.6         5.47899e+06              357549              163508
                38.7         5.46801e+06              364921              167120
                38.8         5.45682e+06              372421              170806
                38.9         5.44543e+06              380052              174568
                  39         5.43383e+06              387815              178407
                39.1         5.42201e+06              395711              182325
                39.2         5.40999e+06              403740              186321
                39.3         5.39775e+06              411905              190399
                39.4         5.38528e+06              420206              194560
                39.5          5.3726e+06              428644              198803
                39.6          5.3597e+06              437221              203132
                39.7         5.34657e+06              445937              207548
                39.8         5.33321e+06              454793              212051
                39.9         5.31962e+06              463791              216644
                  40         5.30579e+06              472930              221327
                40.1         5.29174e+06              482212              226102
                40.2         5.27744e+06              491638              230971
                40.3         5.26291e+06              501208              235935
                40.4         5.24813e+06              510923              240995
                40.5         5.23311e+06              520782              246154
                40.6         5.21785e+06              530788              251411
                40.7         5.20234e+06              540939              256769
                40.8         5.18658e+06              551237              262230
                40.9         5.17057e+06              561681              267794
                  41         5.15431e+06              572272              273463
                41.1          5.1378e+06              583009              279239
                41.2         5.12103e+06              593893              285124
                41.3         5.10401e+06              604924              291117
                41.4         5.08673e+06              616100              297222
                41.5         5.06919e+06              627423              303439
                41.6         5.05139e+06              638890              309771
                41.7         5.03333e+06              650503              316217
                41.8         5.01501e+06              662260              322781
                41.9         4.99643e+06              674160              329462
                  42         4.97758e+06              686202              336264
                42.1         4.95848e+06              698387              343186
                42.2         4.93911e+06              710711              350232
                42.3         4.91947e+06              723175              357401
                42.4         4.89958e+06              735776              364695
                42.5         4.87942e+06              748514              372116
                42.6           4.859e+06              761386              379665
                42.7         4.83831e+06              774392              387344
                42.8         4.81737e+06              787528              395153
                42.9         4.79616e+06              800794              403094
                  43         4.77469e+06              814187              411169
                43.1         4.75297e+06              827704              419378
                43.2         4.73098e+06              841343              427723
                43.3         4.70874e+06              855103              436205
                43.4         4.68625e+06              868979              444825
                43.5          4.6635e+06              882969              453585
                43.6         4.64049e+06              897071              462485
                43.7         4.61724e+06              911281              471526
                43.8         4.59374e+06              925596              480710
                43.9            4.57e+06              940012              490038
                  44         4.54601e+06              954526              499510
                44.1         4.52179e+06              969135              509128
                44.2         4.49732e+06              983834              518893
                44.3         4.47263e+06              998620              528805
                44.4          4.4477e+06         1.01349e+06              538865
                44.5         4.42254e+06         1.02843e+06              549075
                44.6         4.39716e+06         1.04345e+06              559434
                44.7         4.37156e+06         1.05854e+06              569944
                44.8         4.34575e+06          1.0737e+06              580605
                44.9         4.31972e+06         1.08891e+06              591418
                  45         4.29348e+06         1.10418e+06              602383
                45.1         4.26704e+06          1.1195e+06              613502
                45.2         4.24041e+06         1.13487e+06              624773
                45.3         4.21357e+06         1.15028e+06              636199
                45.4         4.18655e+06         1.16572e+06              647779
                45.5         4.15935e+06         1.18119e+06              659513
                45.6         4.13197e+06         1.19668e+06              671403
                45.7         4.10441e+06         1.21219e+06              683447
                45.8         4.07669e+06         1.22772e+06              695646
                45.9          4.0488e+06         1.24325e+06              708001
                  46         4.02076e+06         1.25878e+06              720511
                46.1         3.99257e+06         1.27431e+06              733177
                46.2         3.96423e+06         1.28982e+06              745998
                46.3         3.93575e+06         1.30532e+06              758973
                46.4         3.90715e+06          1.3208e+06              772104
                46.5         3.87842e+06         1.33624e+06              785389
                46.6         3.84957e+06         1.35166e+06              798829
                46.7          3.8206e+06         1.36702e+06              812422
                46.8         3.79153e+06         1.38235e+06              826169
                46.9         3.76237e+06         1.39761e+06              840069
                  47         3.73311e+06         1.41282e+06              854122
                47.1         3.70377e+06         1.42796e+06              868326
                47.2         3.67435e+06         1.44302e+06              882681
                47.3         3.64486e+06         1.45801e+06              897186
                47.4          3.6153e+06         1.47291e+06              911841
                47.5         3.58569e+06         1.48772e+06              926644
                47.6         3.55603e+06         1.50242e+06              941595
                47.7         3.52633e+06         1.51703e+06              956693
                47.8         3.49659e+06         1.53152e+06              971936
                47.9         3.46683e+06          1.5459e+06              987323
                  48         3.43704e+06         1.56015e+06         1.00285e+06
                48.1         3.40725e+06         1.57428e+06         1.01853e+06
                48.2         3.37745e+06         1.58826e+06         1.03434e+06
                48.3         3.34765e+06         1.60211e+06         1.05029e+06
                48.4         3.31786e+06         1.61581e+06         1.06638e+06
                48.5         3.28808e+06         1.62936e+06         1.08261e+06
                48.6         3.25833e+06         1.64275e+06         1.09897e+06
                48.7         3.22861e+06         1.65598e+06         1.11546e+06
                48.8         3.19892e+06         1.66904e+06         1.13209e+06
                48.9         3.16929e+06         1.68192e+06         1.14884e+06
                  49          3.1397e+06         1.69463e+06         1.16573e+06
                49.1         3.11017e+06         1.70715e+06         1.18274e+06
                49.2          3.0807e+06         1.71948e+06         1.19987e+06
                49.3         3.05131e+06         1.73161e+06         1.21713e+06
                49.4           3.022e+06         1.74355e+06          1.2345e+06
                49.5         2.99277e+06         1.75529e+06           1.252e+06
                49.6         2.96363e+06         1.76681e+06         1.26961e+06
                49.7         2.93459e+06         1.77813e+06         1.28733e+06
                49.8         2.90565e+06         1.78923e+06         1.30517e+06
                49.9         2.87682e+06         1.80011e+06         1.32312e+06
                  50         2.84811e+06         1.81076e+06         1.34117e+06
                50.1         2.81952e+06         1.82119e+06         1.35933e+06
                50.2         2.79106e+06         1.83139e+06          1.3776e+06
                50.3         2.76273e+06         1.84136e+06         1.39596e+06
                50.4         2.73454e+06         1.85109e+06         1.41442e+06
                50.5         2.70649e+06         1.86058e+06         1.43298e+06
                50.6         2.67859e+06         1.86983e+06         1.45163e+06
                50.7         2.65084e+06         1.87883e+06         1.47038e+06
                50.8         2.62325e+06         1.88759e+06         1.48921e+06
                50.9         2.59582e+06          1.8961e+06         1.50813e+06
                  51         2.56856e+06         1.90436e+06         1.52713e+06
                51.1         2.54147e+06         1.91236e+06         1.54622e+06
                51.2         2.51456e+06         1.92011e+06         1.56538e+06
                51.3         2.48782e+06         1.92761e+06         1.58462e+06
                51.4         2.46127e+06         1.93484e+06         1.60393e+06
                51.5         2.43491e+06         1.94182e+06         1.62332e+06
                51.6         2.40874e+06         1.94854e+06         1.64277e+06
                51.7         2.38276e+06           1.955e+06         1.66229e+06
                51.8         2.35698e+06          1.9612e+06         1.68187e+06
                51.9          2.3314e+06         1.96714e+06         1.70151e+06
                  52         2.30602e+06         1.97281e+06         1.72121e+06
                52.1         2.28085e+06         1.97823e+06         1.74097e+06
                52.2         2.25589e+06         1.98338e+06         1.76078e+06
                52.3         2.23114e+06         1.98828e+06         1.78064e+06
                52.4          2.2066e+06         1.99291e+06         1.80054e+06
                52.5         2.18228e+06         1.99728e+06         1.82049e+06
                52.6         2.15817e+06         2.00139e+06         1.84049e+06
                52.7         2.13429e+06         2.00524e+06         1.86052e+06
                52.8         2.11062e+06         2.00884e+06         1.88059e+06
                52.9         2.08718e+06         2.01218e+06          1.9007e+06
                  53         2.06396e+06         2.01526e+06         1.92084e+06
                53.1         2.04096e+06         2.01809e+06           1.941e+06
                53.2         2.01819e+06         2.02066e+06          1.9612e+06
                53.3         1.99565e+06         2.02298e+06         1.98142e+06
                53.4         1.97333e+06         2.02506e+06         2.00166e+06
                53.5         1.95125e+06         2.02688e+06         2.02192e+06
                53.6         1.92939e+06         2.02846e+06          2.0422e+06
                53.7         1.90776e+06          2.0298e+06         2.06249e+06
                53.8         1.88636e+06          2.0309e+06         2.08279e+06
                53.9          1.8652e+06         2.03175e+06         2.10311e+06
                  54         1.84426e+06         2.03237e+06         2.12343e+06
                54.1         1.82355e+06         2.03275e+06         2.14375e+06
                54.2         1.80307e+06          2.0329e+06         2.16408e+06
                54.3         1.78282e+06         2.03282e+06         2.18441e+06
                54.4          1.7628e+06         2.03251e+06         2.20474e+06
                54.5         1.74301e+06         2.03198e+06         2.22506e+06
                54.6         1.72345e+06         2.03122e+06         2.24538e+06
                54.7         1.70411e+06         2.03025e+06         2.26569e+06
                54.8         1.68501e+06         2.02906e+06         2.28598e+06
                54.9         1.66613e+06         2.02766e+06         2.30627e+06
                  55         1.64747e+06         2.02605e+06         2.32654e+06
                55.1         1.62904e+06         2.02422e+06         2.34679e+06
                55.2         1.61083e+06          2.0222e+06         2.36702e+06
                55.3         1.59284e+06         2.01997e+06         2.38723e+06
                55.4         1.57508e+06         2.01755e+06         2.40742e+06
                55.5         1.55754e+06         2.01493e+06         2.42758e+06
                55.6         1.54021e+06         2.01212e+06         2.44772e+06
                55.7          1.5231e+06         2.00912e+06         2.46782e+06
                55.8         1.50621e+06         2.00594e+06          2.4879e+06
                55.9         1.48953e+06         2.00258e+06         2.50794e+06
                  56         1.47306e+06         1.99903e+06         2.52795e+06
                56.1         1.45681e+06         1.99531e+06         2.54792e+06
                56.2         1.44077e+06         1.99142e+06         2.56786e+06
                56.3         1.42493e+06         1.98737e+06         2.58775e+06
                56.4          1.4093e+06         1.98314e+06         2.60761e+06
                56.5         1.39388e+06         1.97876e+06         2.62742e+06
                56.6         1.37866e+06         1.97421e+06         2.64718e+06
                56.7         1.36363e+06         1.96952e+06          2.6669e+06
                56.8         1.34881e+06         1.96466e+06         2.68657e+06
                56.9         1.33419e+06         1.95967e+06         2.70619e+06
                  57         1.31976e+06         1.95452e+06         2.72576e+06
                57.1         1.30553e+06         1.94924e+06         2.74528e+06
                57.2         1.29149e+06         1.94381e+06         2.76475e+06
                57.3         1.27764e+06         1.93825e+06         2.78416e+06
                57.4         1.26397e+06         1.93256e+06         2.80351e+06
                57.5         1.25049e+06         1.92674e+06         2.82281e+06
                57.6          1.2372e+06          1.9208e+06         2.84205e+06
                57.7         1.22409e+06         1.91473e+06         2.86123e+06
                57.8         1.21116e+06         1.90855e+06         2.88034e+06
                57.9         1.19841e+06         1.90225e+06          2.8994e+06
                  58         1.18583e+06         1.89583e+06         2.91839e+06
                58.1         1.17343e+06         1.88931e+06         2.93731e+06
                58.2          1.1612e+06         1.88268e+06         2.95618e+06
                58.3         1.14913e+06         1.87595e+06         2.97497e+06
                58.4         1.13724e+06         1.86911e+06         2.99369e+06
                58.5         1.12552e+06         1.86218e+06         3.01235e+06
                58.6         1.11395e+06         1.85516e+06         3.03094e+06
                58.7         1.10255e+06         1.84804e+06         3.04945e+06
                58.8         1.09131e+06         1.84084e+06          3.0679e+06
                58.9         1.08023e+06         1.83355e+06         3.08627e+06
                  59         1.06931e+06         1.82617e+06         3.10457e+06
                59.1         1.05854e+06         1.81872e+06         3.12279e+06
                59.2         1.04792e+06         1.81119e+06         3.14094e+06
                59.3         1.03745e+06         1.80359e+06         3.15902e+06
                59.4         1.02713e+06         1.79591e+06         3.17702e+06
                59.5         1.01695e+06         1.78816e+06         3.19494e+06
                59.6         1.00692e+06         1.78035e+06         3.21278e+06
                59.7              997032         1.77248e+06         3.23054e+06
                59.8              987284         1.76454e+06         3.24823e+06
                59.9              977675         1.75654e+06         3.26583e+06
                  60              968202         1.74849e+06         3.28336e+06
                60.1              958865         1.74038e+06          3.3008e+06
                60.2              949660         1.73222e+06         3.31817e+06
                60.3              940587         1.72402e+06         3.33545e+06
                60.4              931642         1.71576e+06         3.35265e+06
                60.5              922826         1.70746e+06         3.36976e+06
                60.6              914134         1.69912e+06          3.3868e+06
                60.7              905567         1.69074e+06         3.40375e+06
                60.8              897122         1.68232e+06         3.42061e+06
                60.9              888798         1.67386e+06         3.43739e+06
                  61              880592         1.66537e+06         3.45409e+06
                61.1              872503         1.65685e+06          3.4707e+06
                61.2              864529          1.6483e+06         3.48723e+06
                61.3              856669         1.63972e+06         3.50367e+06
                61.4              848921         1.63111e+06         3.52002e+06
                61.5              841284         1.62248e+06         3.53629e+06
                61.6              833755         1.61383e+06         3.55247e+06
                61.7              826333         1.60515e+06         3.56856e+06
                61.8              819017         1.59646e+06         3.58457e+06
                61.9              811805         1.58775e+06         3.60049e+06
                  62              804695         1.57903e+06         3.61633e+06
                62.1              797687         1.57029e+06         3.63207e+06
                62.2              790777         1.56154e+06         3.64773e+06
                62.3              783966         1.55278e+06          3.6633e+06
                62.4              777251         1.54401e+06         3.67879e+06
                62.5              770632         1.53523e+06         3.69418e+06
                62.6              764106         1.52645e+06         3.70949e+06
                62.7              757672         1.51766e+06         3.72471e+06
                62.8              751329         1.50887e+06         3.73985e+06
                62.9              745076         1.50008e+06         3.75489e+06
                  63              738910         1.49129e+06         3.76985e+06
                63.1              732832          1.4825e+06         3.78472e+06
                63.2              726839         1.47371e+06          3.7995e+06
                63.3              720930         1.46493e+06         3.81419e+06
                63.4              715104         1.45615e+06          3.8288e+06
                63.5              709360         1.44738e+06         3.84331e+06
                63.6              703696         1.43861e+06         3.85774e+06
                63.7              698111         1.42985e+06         3.87209e+06
                63.8              692605          1.4211e+06         3.88634e+06
                63.9              687175         1.41237e+06         3.90051e+06
                  64              681821         1.40364e+06         3.91459e+06
                64.1              676541         1.39493e+06         3.92858e+06
                64.2              671335         1.38623e+06         3.94249e+06
                64.3              666201         1.37754e+06         3.95631e+06
                64.4              661138         1.36887e+06         3.97004e+06
                64.5              656145         1.36022e+06         3.98368e+06
                64.6              651221         1.35159e+06         3.99724e+06
                64.7              646365         1.34297e+06         4.01072e+06
                64.8              641576         1.33437e+06          4.0241e+06
                64.9              636853         1.32579e+06          4.0374e+06
                  65              632194         1.31724e+06         4.05062e+06
                65.1              627600          1.3087e+06         4.06375e+06
                65.2              623068         1.30019e+06         4.07679e+06
                65.3              618599          1.2917e+06         4.08975e+06
                65.4              614190         1.28323e+06         4.10263e+06
                65.5              609841         1.27479e+06         4.11542e+06
                65.6              605552         1.26638e+06         4.12812e+06
                65.7              601320         1.25799e+06         4.14074e+06
                65.8              597147         1.24962e+06         4.15328e+06
                65.9              593029         1.24128e+06         4.16574e+06
                  66              588967         1.23298e+06         4.17811e+06
                66.1              584960         1.22469e+06          4.1904e+06
                66.2              581007         1.21644e+06          4.2026e+06
                66.3              577107         1.20822e+06         4.21472e+06
                66.4              573260         1.20002e+06         4.22677e+06
                66.5              569464         1.19186e+06         4.23872e+06
                66.6              565718         1.18373e+06          4.2506e+06
                66.7              562023         1.17563e+06          4.2624e+06
                66.8              558377         1.16756e+06         4.27412e+06
                66.9              554779         1.15952e+06         4.28575e+06
                  67              551229         1.15152e+06         4.29731e+06
                67.1              547726         1.14354e+06         4.30878e+06
                67.2              544270          1.1356e+06         4.32018e+06
                67.3              540859          1.1277e+06         4.33149e+06
                67.4              537493         1.11983e+06         4.34273e+06
                67.5              534171         1.11199e+06         4.35389e+06
                67.6              530893         1.10419e+06         4.36497e+06
                67.7              527657         1.09642e+06         4.37597e+06
                67.8              524464         1.08869e+06          4.3869e+06
                67.9              521313         1.08099e+06         4.39775e+06
                  68              518203         1.07333e+06         4.40852e+06
                68.1              515133          1.0657e+06         4.41921e+06
                68.2              512103         1.05811e+06         4.42983e+06
                68.3              509112         1.05056e+06         4.44038e+06
                68.4              506160         1.04305e+06         4.45084e+06
                68.5              503246         1.03557e+06         4.46124e+06
                68.6              500370         1.02813e+06         4.47156e+06
                68.7              497530         1.02072e+06          4.4818e+06
                68.8              494727         1.01335e+06         4.49197e+06
                68.9              491960         1.00602e+06         4.50207e+06
                  69              489228              998732         4.51209e+06
                69.1              486531              991478         4.52204e+06
                69.2              483868              984263         4.53192e+06
                69.3              481239              977085         4.54173e+06
                69.4              478643              969946         4.55146e+06
                69.5              476080              962844         4.56113e+06
                69.6              473550              955782         4.57072e+06
                69.7              471051              948758         4.58024e+06
                69.8              468584              941773         4.58969e+06
                69.9              466148              934826         4.59908e+06
                  70              463742              927918         4.60839e+06
                70.1              461367              921049         4.61763e+06
                70.2              459021              914219         4.62681e+06
                70.3              456704              907427         4.63592e+06
                70.4              454416              900675         4.64496e+06
                70.5              452156              893961         4.65393e+06
                70.6              449925              887287         4.66284e+06
                70.7              447721              880651         4.67168e+06
                70.8              445544              874055         4.68045e+06
                70.9              443394              867497         4.68916e+06
                  71              441270              860979          4.6978e+06
                71.1              439172              854499         4.70638e+06
                71.2              437100              848058         4.71489e+06
                71.3              435053              841657         4.72334e+06
                71.4              433032              835294         4.73172e+06
                71.5              431034              828970         4.74005e+06
                71.6              429061              822685          4.7483e+06
                71.7              427112              816438          4.7565e+06
                71.8              425187              810230         4.76463e+06
                71.9              423284              804061          4.7727e+06
                  72              421405              797931         4.78071e+06
                72.1              419548              791839         4.78866e+06
                72.2              417714              785785         4.79655e+06
                72.3              415901              779770         4.80438e+06
                72.4              414110              773793         4.81215e+06
                72.5              412341              767855         4.81985e+06
                72.6              410592              761954          4.8275e+06
                72.7              408865              756092         4.83509e+06
                72.8              407157              750267         4.84263e+06
                72.9              405470              744481          4.8501e+06
                  73              403803              738732         4.85751e+06
                73.1              402156              733021         4.86487e+06
                73.2              400528              727347         4.87218e+06
                73.3              398919              721711         4.87942e+06
                73.4              397329              716112         4.88661e+06
                73.5              395757              710550         4.89374e+06
                73.6              394204              705025         4.90082e+06
                73.7              392669              699537         4.90784e+06
                73.8              391152              694087         4.91481e+06
                73.9              389653              688672         4.92172e+06
                  74              388171              683295         4.92858e+06
                74.1              386706              677954         4.93539e+06
                74.2              385258              672649         4.94214e+06
                74.3              383826              667380         4.94884e+06
                74.4              382411              662147         4.95549e+06
                74.5              381013              656951         4.96209e+06
                74.6              379630              651789         4.96863e+06
                74.7              378263              646664         4.97512e+06
                74.8              376912              641574         4.98156e+06
                74.9              375577              636519         4.98795e+06
                  75              374256              631500         4.99429e+06
