                   0            -0.970004             0.243088                    0                    0             0.970004            -0.243088             0.466204             0.432366            -0.932407            -0.864731             0.466204             0.432366 
           0.0374228           -0.951709            0.259055          -0.0348933          -0.0323607            0.986602           -0.226694            0.512695            0.419493           -0.934687           -0.861851            0.421991            0.442358
           0.0748457           -0.931631            0.274482          -0.0699568          -0.0645055             1.00159           -0.209976            0.561385            0.403179            -0.94143            -0.85315            0.380045            0.449971
            0.112269           -0.909691            0.289228           -0.105354          -0.0962143             1.01505           -0.193014            0.612093            0.382817           -0.952389           -0.838464            0.340296            0.455647
            0.149691           -0.885819            0.303131           -0.141238           -0.127259             1.02706           -0.175871            0.664506            0.357768           -0.967139           -0.817537            0.302633            0.459769
            0.187114           -0.859957            0.316002           -0.177739           -0.157401              1.0377             -0.1586            0.718152            0.327384           -0.985063           -0.790053            0.266911            0.462668
            0.222478           -0.833657            0.327023           -0.212896           -0.184824             1.04655           -0.142199            0.769391            0.293213            -1.00418           -0.757751            0.234788            0.464537
            0.257841           -0.805542            0.336737           -0.248759           -0.210993              1.0543           -0.125744             0.82043            0.253289            -1.02453           -0.719051            0.204099            0.465762
            0.293204           -0.775633            0.344934           -0.285354           -0.235678             1.06099           -0.109256            0.870389            0.207291            -1.04507             -0.6738            0.174685            0.466509
             0.32658           -0.745809            0.351078           -0.320553           -0.257401             1.06636          -0.0936772            0.915632            0.158177            -1.06358           -0.625077            0.147943              0.4669
            0.359956           -0.714515            0.355491           -0.356347           -0.277402             1.07086          -0.0780894            0.958056            0.103615            -1.08011           -0.570698            0.122051            0.467083
            0.393332            -0.68186            0.357994           -0.392649           -0.295495             1.07451          -0.0624982            0.996679           0.0439232            -1.09355           -0.511057           0.0968676            0.467133
            0.424861           -0.649893            0.358453             -0.4273           -0.310683             1.07719          -0.0477696             1.02881          -0.0166656            -1.10241            -0.45045           0.0735992            0.467115
            0.456391           -0.616986            0.356943           -0.462164           -0.323901             1.07915          -0.0330422             1.05598           -0.080614             -1.1067           -0.386458           0.0507178            0.467072
             0.48792           -0.583305             0.35337           -0.497085           -0.335054             1.08039          -0.0183164             1.07762           -0.147027            -1.10572           -0.320004           0.0281043            0.467031
             0.51945           -0.549033            0.347673           -0.531888           -0.344081             1.08092         -0.00359166             1.09335           -0.214858            -1.09899           -0.252151          0.00563975            0.467009
            0.550979            -0.51436            0.339823           -0.566385           -0.350956             1.08075           0.0111328             1.10305            -0.28297            -1.08626           -0.184045          -0.0167947            0.467015
            0.582509           -0.479476             0.32983           -0.600386           -0.355688             1.07986           0.0258578             1.10685           -0.350204            -1.06753           -0.116842           -0.039318            0.467046
            0.614038           -0.444562            0.317741           -0.633703           -0.358325             1.07827           0.0405841             1.10514           -0.415454            -1.04309          -0.0516355          -0.0620491            0.467089
            0.645568           -0.409785            0.303633           -0.666163           -0.358945             1.07595           0.0553119             1.09851           -0.477729             -1.0134           0.0106062           -0.085107            0.467123
            0.677097           -0.375289            0.287616           -0.697609           -0.357657              1.0729           0.0700403             1.08774           -0.536206           -0.979134           0.0690921           -0.108611            0.467114
            0.708627           -0.341191            0.269821           -0.727908           -0.354588              1.0691           0.0847674             1.07374           -0.590254           -0.941056            0.123235            -0.13268            0.467019
            0.740156           -0.307578            0.250395           -0.756952           -0.349885             1.06453           0.0994897             1.05742           -0.639439           -0.899988            0.172657           -0.157433            0.466781
            0.771686           -0.274509            0.229498           -0.784662             -0.3437             1.05917            0.114202             1.03974           -0.683512           -0.856748            0.217181            -0.18299            0.466331
            0.803215           -0.242011            0.207293            -0.81098           -0.336188             1.05299            0.128896             1.02158           -0.722385            -0.81211            0.256802           -0.209469            0.465583
            0.834745           -0.210087            0.183944           -0.835874           -0.327504             1.04596             0.14356             1.00375           -0.756091           -0.766767            0.291655           -0.236985            0.464436
            0.866274           -0.178714            0.159613           -0.859332           -0.317795             1.03805            0.158182            0.986973           -0.784753           -0.721321            0.321984           -0.265652            0.462769
            0.897804           -0.147848            0.134457            -0.88136           -0.307198             1.02921            0.172742            0.971853           -0.808547           -0.676273            0.348104            -0.29558            0.460443
            0.929333           -0.117429            0.108625           -0.901978           -0.295842             1.01941            0.187216            0.958892            -0.82767           -0.632022            0.370377            -0.32687            0.457293
            0.960863          -0.0873808           0.0822635           -0.921215           -0.283841              1.0086            0.201577            0.948489           -0.842316           -0.588872            0.389185           -0.359617            0.453131
            0.992392          -0.0576177           0.0555091           -0.939112           -0.271298            0.996729            0.215789            0.940946           -0.852651           -0.547048            0.404911           -0.393899            0.447741
             1.02392          -0.0280454           0.0284956           -0.955711           -0.258306            0.983757             0.22981            0.936473           -0.858805           -0.506696            0.417929           -0.429777            0.440876
             1.05545          0.00143554          0.00135335           -0.971063           -0.244943            0.969628            0.243589            0.935195           -0.860855           -0.467907            0.428592           -0.467288            0.432263
             1.08698           0.0309271          -0.0257891           -0.985217           -0.231278             0.95429            0.257067            0.937155           -0.858821           -0.430719            0.437228           -0.506436            0.421593
             1.11851           0.0605314          -0.0528028           -0.998223            -0.21737            0.937692            0.270173            0.942314           -0.852667           -0.395129            0.444137           -0.547185             0.40853
             1.15004           0.0903481          -0.0795569            -1.01013            -0.20327            0.919785            0.282827            0.950552           -0.842297           -0.361106            0.449589           -0.589446            0.392708
             1.18157            0.120472           -0.105916            -1.02099           -0.189019            0.900522            0.294935             0.96166           -0.827566           -0.328591            0.453823           -0.633069            0.373743
              1.2131            0.150989           -0.131741            -1.03085           -0.174651            0.879864            0.306393            0.975336           -0.808288           -0.297509            0.457053           -0.677827            0.351235
             1.24463            0.181974           -0.156885            -1.03975           -0.160197             0.85778            0.317082            0.991176           -0.784252           -0.267769            0.459465           -0.723407            0.324787
             1.27616             0.21349           -0.181194            -1.04774           -0.145677            0.834248            0.326872             1.00867           -0.755244           -0.239272            0.461219           -0.769396            0.294024
             1.30769            0.245578           -0.204509            -1.05484           -0.131112            0.809263            0.335621             1.02719           -0.721073           -0.211911            0.462457           -0.815275            0.258616
             1.33922            0.278261           -0.226663             -1.0611           -0.116515            0.782839            0.343178               1.046           -0.681605           -0.185575            0.463296            -0.86042            0.218309
             1.37075            0.311536           -0.247489            -1.06654           -0.101897            0.755008            0.349385             1.06426           -0.636801            -0.16015            0.463838           -0.904106            0.172963
             1.40228             0.34537           -0.266818             -1.0712          -0.0872653            0.725829            0.354083             1.08104           -0.586753           -0.135518            0.464167           -0.945525            0.122587
              1.4338            0.379702           -0.284488            -1.07509          -0.0726264            0.695386            0.357114             1.09539           -0.531725           -0.111562            0.464353           -0.983825           0.0673717
             1.46533            0.414441           -0.300348            -1.07823          -0.0579834            0.663792            0.358331             1.10631           -0.472174           -0.088164            0.464452            -1.01815          0.00772158
             1.49686            0.449463           -0.314263            -1.08065          -0.0433382            0.631185            0.357601              1.1129           -0.408771          -0.0652051            0.464509             -1.0477          -0.0557382
             1.52839            0.484617           -0.326125            -1.08234          -0.0286917            0.597727            0.354817             1.11437           -0.342388          -0.0425669            0.464556             -1.0718           -0.122168
              1.5583            0.517929           -0.335407             -1.0833          -0.0147961            0.565369            0.350203             1.11045           -0.277602          -0.0212791            0.464611            -1.08918           -0.187009
             1.58821            0.551044           -0.342732            -1.08362        -0.000898611            0.532573            0.343631             1.10106           -0.212063        -7.18743e-05            0.464687            -1.10098           -0.252624
             1.61812            0.583794           -0.348094             -1.0833           0.0130015            0.499507            0.335092             1.08607           -0.146805           0.0211558            0.464787            -1.10722           -0.317982
             1.64803            0.616012           -0.351515            -1.08235            0.026905            0.466338             0.32461              1.0656          -0.0828391            0.042505            0.464905             -1.1081           -0.382066
             1.67794            0.647538            -0.35305            -1.08076           0.0408121             0.43322            0.312238             1.03998          -0.0211011           0.0640766            0.465027            -1.10405           -0.443926
             1.70785            0.678225           -0.352778            -1.07852           0.0547229            0.400292            0.298055              1.0097           0.0376008           0.0859716            0.465132            -1.09567           -0.502733
             1.73776             0.70794           -0.350801            -1.07561           0.0686363            0.367675            0.282165            0.975394           0.0926204            0.108291            0.465189            -1.08368           -0.557809
             1.76767            0.736574           -0.347237            -1.07204           0.0825503            0.335464            0.264687             0.93777             0.14349            0.131134            0.465157             -1.0689           -0.608647
             1.79758            0.764039           -0.342217            -1.06777           0.0964618            0.303731            0.245755            0.897565            0.189921            0.154602            0.464988            -1.05217           -0.654909
             1.82749            0.790268           -0.335875            -1.06279            0.110366            0.272521             0.22551            0.855503            0.231792            0.178793            0.464619             -1.0343           -0.696411
              1.8574            0.815217            -0.32835            -1.05707            0.124255            0.241857            0.204095            0.812263            0.269124            0.203806            0.463978            -1.01607           -0.733102
             1.88731            0.838859           -0.319775             -1.0506            0.138121            0.211738            0.181654            0.768454            0.302057            0.229736            0.462979            -0.99819           -0.765036
             1.91722            0.861186           -0.310279            -1.04333             0.15195            0.182144            0.158329            0.724604            0.330816            0.256677             0.46152           -0.981281           -0.792336
             1.94713            0.882205           -0.299984            -1.03524            0.165728            0.153037            0.134255            0.681151            0.355689            0.284717            0.459485           -0.965869           -0.815174
             1.97704            0.901933              -0.289             -1.0263            0.179436            0.124365            0.109564            0.638449            0.376997            0.313941            0.456741           -0.952389           -0.833738
             2.00695            0.920398            -0.27743            -1.01646             0.19305           0.0960641           0.0843801            0.596769            0.395083            0.344422            0.453134            -0.94119           -0.848216
             2.03686            0.937632           -0.265365            -1.00569            0.206542           0.0680622           0.0588228            0.556311            0.410288            0.376226             0.44849           -0.932537           -0.858779
             2.06677            0.953676           -0.252885           -0.993956            0.219878           0.0402794           0.0330072            0.517214            0.422948            0.409403            0.442616           -0.926617           -0.865564
             2.09668            0.968572           -0.240063           -0.981204            0.233018           0.0126317          0.00704425            0.479562            0.433378            0.443985            0.435295           -0.923546           -0.868673
             2.12659            0.982363           -0.226959           -0.967396            0.245916          -0.0149673          -0.0189572            0.443394            0.441874            0.479981            0.426286           -0.923376           -0.868161
              2.1565            0.995096           -0.213628           -0.952491            0.258518          -0.0426046          -0.0448893            0.408717            0.448708            0.517372            0.415329           -0.926089           -0.864037
             2.18641             1.00681           -0.200116           -0.936447             0.27076          -0.0703658          -0.0706438            0.375507            0.454125            0.556102            0.402142           -0.931608           -0.856267
             2.21632             1.01756           -0.186462           -0.919225            0.282573          -0.0983332          -0.0961109            0.343718            0.458346            0.596071            0.386426           -0.939789           -0.844772
             2.24623             1.02737           -0.172697            -0.90079            0.293875           -0.126584           -0.121178            0.313289            0.461566            0.637129            0.367871           -0.950418           -0.829437
             2.27614              1.0363            -0.15885           -0.881112            0.304577           -0.155187           -0.145727            0.284146            0.463958            0.679068            0.346164           -0.963213           -0.810122
             2.30606             1.04437           -0.144943           -0.860168            0.314581           -0.184202           -0.169638            0.256204            0.465674             0.72161            0.320998           -0.977813           -0.786672
             2.33597             1.05162           -0.130993           -0.837946            0.323778           -0.213679           -0.192785            0.229373            0.466845            0.764406            0.292089           -0.993779           -0.758934
             2.36588             1.05809           -0.117015           -0.814442            0.332052           -0.243649           -0.215037            0.203559            0.467585            0.807032            0.259193            -1.01059           -0.726777
             2.39579              1.0638           -0.103022            -0.78967            0.339282           -0.274131            -0.23626            0.178664             0.46799            0.848984            0.222126            -1.02765           -0.690117
              2.4257             1.06878          -0.0890198           -0.763657            0.345339           -0.305121           -0.256319            0.154589            0.468145            0.889694            0.180789            -1.04428           -0.648935
             2.45561             1.07305          -0.0750167            -0.73645            0.350095           -0.336598           -0.275079            0.131235            0.468119            0.928533            0.135191            -1.05977            -0.60331
             2.48552             1.07663          -0.0610166           -0.708114            0.353425           -0.368515           -0.292408              0.1085            0.467968            0.964841           0.0854725            -1.07334           -0.553441
             2.51543             1.07954          -0.0470226           -0.678734            0.355208           -0.400803           -0.308185           0.0862839            0.467741            0.997954           0.0319204            -1.08424           -0.499662
             2.54534             1.08179          -0.0330361           -0.648417            0.355334           -0.433372           -0.322298           0.0644875            0.467475             1.02724          -0.0250196            -1.09173           -0.442455
             2.57525             1.08339           -0.019058           -0.617286            0.353711           -0.466109           -0.334653           0.0430105            0.467197             1.05214          -0.0847475            -1.09515            -0.38245
             2.60516             1.08436          -0.0050882           -0.585479            0.350265           -0.498883           -0.345177           0.0217536            0.466928             1.07222           -0.146524            -1.09398           -0.320404
             2.63507              1.0847          0.00887378           -0.553146            0.344947            -0.53155           -0.353821          0.00061751             0.46668              1.0872           -0.209502            -1.08782           -0.257177
             2.66498              1.0844           0.0228287           -0.520443            0.337734           -0.563955           -0.360563          -0.0204967            0.466455             1.09696           -0.272766            -1.07647           -0.193689
             2.69489             1.08347           0.0367772           -0.487525            0.328631           -0.595944           -0.365408          -0.0416879            0.466253              1.1016           -0.335382            -1.05992           -0.130871
              2.7248              1.0819           0.0507199           -0.454544            0.317672            -0.62736           -0.368392          -0.0630548            0.466061             1.10141           -0.396448            -1.03835           -0.069613
             2.75471              1.0797           0.0646569           -0.421638            0.304917           -0.658059           -0.369573          -0.0846963             0.46586             1.09682            -0.45514            -1.01213          -0.0107197
             2.78462             1.07684           0.0785876            -0.38893            0.290446           -0.687907           -0.369034           -0.106711            0.465624             1.08844           -0.510752           -0.981728           0.0451277
             2.81453             1.07331           0.0925104           -0.356526            0.274363           -0.716787           -0.366874           -0.129198            0.465317             1.07695           -0.562712           -0.947751           0.0973946
             2.84444             1.06911            0.106423           -0.324505            0.256785           -0.744602           -0.363207           -0.152256            0.464894              1.0631           -0.610598           -0.910843            0.145704
             2.87435              1.0642             0.12032           -0.292929            0.237837           -0.771275           -0.358157           -0.175984              0.4643             1.04765           -0.654132           -0.871669            0.189832
             2.90426             1.05858            0.134197           -0.261833            0.217654           -0.796747           -0.351851           -0.200479            0.463467             1.03136           -0.693164           -0.830876            0.229697
             2.93417             1.05221            0.148045           -0.231232            0.196371           -0.820979           -0.344416           -0.225838            0.462317             1.01491           -0.727655           -0.789068            0.265338
             2.96408             1.04507            0.161852            -0.20112            0.174124            -0.84395           -0.335977           -0.252157            0.460756            0.998943           -0.757648           -0.746786            0.296892
             2.99399             1.03713            0.175607           -0.171473            0.151047           -0.865653           -0.326654           -0.279526            0.458677            0.984024           -0.783245           -0.704499            0.324569
              3.0239             1.02835             0.18929           -0.142254             0.12727           -0.886094           -0.316559           -0.308033            0.455953            0.970631           -0.804584           -0.662598            0.348631
             3.05381              1.0187            0.202881           -0.113409            0.102916            -0.90529           -0.305797           -0.337759            0.452442             0.95916           -0.821814           -0.621401            0.369373
             3.08372             1.00814            0.216354          -0.0848764           0.0781078           -0.923266           -0.294462           -0.368776            0.447979             0.94993           -0.835081           -0.581154            0.387102
             3.11363            0.996639            0.229679           -0.056584           0.0529609           -0.940055           -0.282639           -0.401145             0.44238            0.943187           -0.844511           -0.542041            0.402131
             3.14354            0.984146            0.242817          -0.0284546           0.0275885           -0.955691           -0.270405           -0.434911            0.435437            0.939101           -0.850201            -0.50419            0.414763
             3.17345            0.970622            0.255726          -0.0004067          0.00210147           -0.970215           -0.257827           -0.470096            0.426919            0.937777           -0.852209            -0.46768             0.42529
             3.20336            0.956025            0.268354           0.0276434          -0.0233908           -0.983668           -0.244963             -0.5067            0.416571            0.939254           -0.850553           -0.432553            0.433982
             3.23327            0.940311            0.280644           0.0557795          -0.0487786           -0.996091           -0.231865           -0.544689            0.404115            0.943504           -0.845207           -0.398816            0.441092
             3.26318            0.923441            0.292527           0.0840837          -0.0739509            -1.00752           -0.218576           -0.583986            0.389255            0.950436           -0.836101            -0.36645            0.446847
             3.29309            0.905377            0.303928            0.112634          -0.0987938            -1.01801           -0.205134           -0.624471            0.371675            0.959886           -0.823129           -0.335415            0.451454
               3.323            0.886085            0.314759            0.141504            -0.12319            -1.02759           -0.191569           -0.665963            0.351055            0.971619           -0.806152           -0.305656            0.455097
             3.35291            0.865539            0.324926            0.170756           -0.147017             -1.0363           -0.177909           -0.708217             0.32707            0.985321           -0.785011           -0.277104            0.457941
             3.38282             0.84372            0.334323            0.200445           -0.170148            -1.04416           -0.164175           -0.750915            0.299411              1.0006            -0.75954           -0.249682            0.460129
             3.41273             0.82062            0.342836            0.230611           -0.192452            -1.05123           -0.150384           -0.793659              0.2678             1.01696           -0.729588           -0.223304            0.461787
             3.44264            0.796244            0.350341            0.261278           -0.213791            -1.05752            -0.13655           -0.835972            0.232009             1.03385           -0.695035           -0.197881            0.463026
             3.47255            0.770613            0.356713            0.292454           -0.234028            -1.06307           -0.122685           -0.877298            0.191885             1.05062           -0.655823           -0.173319            0.463938
             3.50246            0.743766            0.361819            0.324124           -0.253022            -1.06789           -0.108797           -0.917012            0.147375             1.06653            -0.61198           -0.149523            0.464605
             3.53237            0.715759            0.365528            0.356252           -0.270636            -1.07201           -0.094892           -0.954441           0.0985542             1.08084            -0.56365           -0.126395            0.465095
             3.56228            0.686673            0.367714            0.388778           -0.286739            -1.07545          -0.0809746            -0.98889           0.0456446             1.09273           -0.511109           -0.103837            0.465465
             3.59219            0.656605            0.368258            0.421617           -0.301211            -1.07822          -0.0670476            -1.01968          -0.0109682             1.10143           -0.454791          -0.0817504            0.465759
              3.6221            0.625677            0.367058            0.454664           -0.313945            -1.08034          -0.0531126            -1.04619          -0.0707318             1.10622           -0.395285          -0.0600352            0.466016
             3.65201            0.594024            0.364027             0.48779           -0.324857            -1.08181          -0.0391703            -1.06789           -0.132937             1.10649           -0.333327           -0.038592            0.466264
             3.68192            0.561796            0.359106            0.520852           -0.333886            -1.08265          -0.0252206            -1.08443           -0.196742             1.10175           -0.269778          -0.0173209             0.46652
             3.71183            0.529153            0.352259            0.553696           -0.340996            -1.08285          -0.0112629            -1.09561           -0.261215             1.09173           -0.205583          0.00387823            0.466797
             3.74174            0.496257            0.343481            0.586159           -0.346185            -1.08242          0.00270335            -1.10144           -0.325382             1.07633           -0.141718           0.0251056            0.467099
             3.77165            0.463264            0.332796            0.618082           -0.349475            -1.08135            0.016679            -1.10215           -0.388283             1.05568          -0.0791391           0.0464618            0.467422
             3.80156            0.430325            0.320255            0.649311            -0.35092            -1.07964           0.0306645            -1.09814           -0.449024             1.03009          -0.0187289           0.0680478            0.467753
             3.83147            0.397572            0.305936            0.679703           -0.350596            -1.07728           0.0446599            -1.08999           -0.506821             1.00002             0.03875            0.089965            0.468071
             3.86138             0.36512            0.289937            0.709134           -0.348602            -1.07425           0.0586645            -1.07839           -0.561034            0.966074           0.0926846            0.112315             0.46835
             3.89129            0.333061            0.272375            0.737496           -0.345051            -1.07056           0.0726765            -1.06411           -0.611176            0.928914            0.142628              0.1352            0.468549
              3.9212            0.301463            0.253376            0.764703           -0.340069            -1.06617           0.0866929            -1.04796           -0.656919            0.889238            0.188298            0.158723            0.468621
             3.95111             0.27037            0.233077            0.790691           -0.333786            -1.06106            0.100709            -1.03072           -0.698078            0.847735            0.229571            0.182985            0.468507
             3.98102            0.239803            0.211616            0.815416           -0.326335            -1.05522            0.114719            -1.01314           -0.734591            0.805052            0.266457            0.208089            0.468134
             4.01093            0.209762            0.189133            0.838851           -0.317846            -1.04861            0.128713           -0.995912           -0.766495            0.761775            0.299077            0.234137            0.467418
             4.04084            0.180226            0.165763            0.860986           -0.308443            -1.04121            0.142679           -0.979639           -0.793895            0.718411            0.327637            0.261228            0.466258
             4.07075            0.151159            0.141641            0.881827           -0.298245            -1.03299            0.156604           -0.964849           -0.816939            0.675391            0.352403            0.289458            0.464536
             4.10066            0.122508            0.116893            0.901389            -0.28736             -1.0239            0.170467            -0.95198           -0.835795             0.63306            0.373678             0.31892            0.462117
             4.13057           0.0942105           0.0916426            0.919697            -0.27589            -1.01391            0.184247           -0.941388           -0.850629            0.591689            0.391785            0.349699            0.458844
             4.16048           0.0661935           0.0660076            0.936784           -0.263922            -1.00298            0.197915           -0.933352           -0.861589            0.551483            0.407051            0.381869            0.454539
             4.19039           0.0383769           0.0401017            0.952686           -0.251538           -0.991063            0.211437           -0.928076           -0.868794            0.512581            0.419796            0.415495            0.448998
              4.2203           0.0106756           0.0140359            0.967446           -0.238809           -0.978122            0.224773           -0.925696           -0.872321            0.475075            0.430327            0.450621            0.441993
             4.25021          -0.0169984          -0.0120808            0.981105           -0.225795           -0.964107            0.237876           -0.926278           -0.872203            0.439011            0.438933            0.487267             0.43327
             4.28012          -0.0447344          -0.0381394            0.993707           -0.212551           -0.948973             0.25069           -0.929827           -0.868425              0.4044            0.445877            0.525427            0.422548
             4.31003          -0.0726207          -0.0640298              1.0053           -0.199122           -0.932676            0.263151            -0.93628           -0.860922            0.371225            0.451402            0.565055             0.40952
             4.33994           -0.100743          -0.0896393             1.01591           -0.185547           -0.915171            0.275186           -0.945506           -0.849583            0.339448            0.455726            0.606058            0.393858
             4.36985            -0.12918           -0.114851              1.0256           -0.171859           -0.896421            0.286711           -0.957298           -0.834259             0.30901            0.459043            0.648288            0.375217
             4.39976           -0.158008           -0.139544              1.0344           -0.158086           -0.876391             0.29763           -0.971372           -0.814768            0.279841            0.461526            0.691531            0.353243
             4.42967           -0.187287            -0.16359             1.04234            -0.14425           -0.855054             0.30784           -0.987356           -0.790913            0.251861            0.463326            0.735496            0.327587
             4.45958            -0.21707           -0.186855             1.04946           -0.130369           -0.832394            0.317225            -1.00479           -0.762496            0.224981            0.464576            0.779806             0.29792
             4.48949           -0.247392           -0.209201              1.0558           -0.116459           -0.808407             0.32566            -1.02311           -0.729344             0.19911             0.46539            0.823996            0.263954
              4.5194           -0.278271           -0.230484             1.06137           -0.102529           -0.783104            0.333013            -1.04166           -0.691338             0.17415            0.465868            0.867508             0.22547
             4.54931           -0.309703           -0.250556             1.06622          -0.0885901           -0.756514            0.339146             -1.0597           -0.648436            0.150002            0.466093            0.909701            0.182343
             4.57922           -0.341661           -0.269272             1.07035          -0.0746473           -0.728687             0.34392            -1.07643           -0.600712            0.126565            0.466136            0.949862            0.134576
             4.60913           -0.374092            -0.28649             1.07379          -0.0607055           -0.699695            0.347196            -1.09098           -0.548384            0.103738            0.466056            0.987239           0.0823284
             4.63904           -0.406921           -0.302076             1.07655          -0.0467676           -0.669632            0.348844            -1.10249           -0.491834           0.0814182              0.4659             1.02107           0.0259344
             4.66895           -0.440041           -0.315912             1.07866          -0.0328351           -0.638616            0.348747            -1.11015           -0.431625           0.0595033            0.465707             1.05065          -0.0340816
             4.69886           -0.473328           -0.327897             1.08011          -0.0189088           -0.606783            0.346806            -1.11323           -0.368492           0.0378906            0.465504             1.07534          -0.0970115
             4.72877           -0.506633           -0.337956             1.08092          -0.0049885            -0.57429            0.342944            -1.11116           -0.303325           0.0164773            0.465311             1.09468           -0.161986
             4.75868           -0.539796           -0.346043              1.0811          0.00892625             -0.5413            0.337117            -1.10354           -0.237126         -0.00483936            0.465139             1.10838           -0.228013
             4.78859           -0.572647           -0.352142             1.08063           0.0228362           -0.507987            0.329306            -1.09021           -0.170954           -0.026162            0.464992             1.11638           -0.294038
              4.8185           -0.605013           -0.356271             1.07953           0.0367421           -0.474518            0.319528            -1.07126           -0.105861          -0.0475933            0.464862             1.11885           -0.359001
             4.84841            -0.63673           -0.358476             1.07779           0.0506443           -0.441056            0.307832            -1.04695          -0.0428346          -0.0692357            0.464738             1.11619           -0.421904
             4.87832           -0.667643           -0.358834             1.07539           0.0645427           -0.407746            0.294291            -1.01778           0.0172657          -0.0911919            0.464598             1.10897           -0.481863
             4.90823           -0.697615           -0.357443             1.07233           0.0784364           -0.374715            0.279007           -0.984367           0.0737405           -0.113564            0.464409             1.09793            -0.53815
             4.93814           -0.726529           -0.354422             1.06859           0.0923235           -0.342066            0.262099           -0.947428            0.126075           -0.136454            0.464133             1.08388           -0.590208
             4.96805           -0.754292           -0.349901             1.06417            0.106201           -0.309875              0.2437           -0.907719            0.173943           -0.159964            0.463718             1.06768           -0.637661
             4.99796           -0.780831           -0.344016             1.05903            0.120063           -0.278195            0.223953           -0.865989            0.217192           -0.184194            0.463103             1.05018           -0.680295
             5.02787           -0.806097           -0.336907             1.05315            0.133903           -0.247051            0.203004           -0.822943            0.255825           -0.209245            0.462214             1.03219           -0.718039
             5.05778            -0.83006           -0.328711             1.04651            0.147712           -0.216448            0.180999           -0.779216            0.289966           -0.235213            0.460964             1.01443            -0.75093
             5.08769            -0.85271            -0.31956             1.03908            0.161478           -0.186366            0.158082            -0.73536            0.319838           -0.262193            0.459251            0.997553           -0.779089
              5.1176            -0.87405           -0.309577             1.03082            0.175184           -0.156773            0.134392           -0.691836            0.345726           -0.290278            0.456957            0.982113           -0.802683
             5.14751           -0.894096           -0.298877             1.02171            0.188812           -0.127615            0.110064           -0.649014            0.367957           -0.319551            0.453946            0.968565           -0.821904
             5.17742           -0.912875           -0.287564             1.01171            0.202339          -0.0988322            0.085225           -0.607184            0.386879            -0.35009            0.450063            0.957274           -0.836942
             5.20733           -0.930418           -0.275732             1.00077            0.215734          -0.0703507           0.0599973           -0.566556            0.402841           -0.381962            0.445131            0.948518           -0.847972
             5.23724           -0.946766           -0.263464            0.988858            0.228966          -0.0420915           0.0344985           -0.527279            0.416186           -0.415218            0.438952            0.942497           -0.855138
             5.26715            -0.96196           -0.250834             0.97593            0.241992          -0.0139703           0.0088424           -0.489442            0.427237           -0.449894            0.431306            0.939337           -0.858543
             5.29706           -0.976044           -0.237906            0.961945            0.254765           0.0140998          -0.0168598           -0.453093            0.436299              -0.486            0.421946            0.939092           -0.858244
             5.32697           -0.989064           -0.224734            0.946858            0.267232           0.0422062          -0.0424979           -0.418238            0.443649           -0.523516            0.410605            0.941754           -0.854254
             5.35688            -1.00106           -0.211365            0.930628            0.279327           0.0704354          -0.0679612           -0.384858            0.449539           -0.562387            0.396994            0.947245           -0.846533
             5.38679            -1.01209           -0.197841            0.913216            0.290979           0.0988702          -0.0931373           -0.352909            0.454197           -0.602512            0.380805            0.955421           -0.835001
              5.4167            -1.02217           -0.184195            0.894585            0.302105            0.127588           -0.117911            -0.32233            0.457822           -0.643738            0.361717            0.966068           -0.819539
             5.44661            -1.03137           -0.170454            0.874707            0.312615             0.15666           -0.142161           -0.293045            0.460593           -0.685851            0.339408            0.978896           -0.800001
             5.47652             -1.0397           -0.156641            0.853558            0.322407            0.186145           -0.165766           -0.264972            0.462665           -0.728565            0.313558            0.993537           -0.776223
             5.50643            -1.04722           -0.142776            0.831125            0.331371            0.216092           -0.188594           -0.238019            0.464172           -0.771519            0.283874             1.00954           -0.748046
             5.53634            -1.05394           -0.128874            0.807407            0.339387            0.246535           -0.210513           -0.212092            0.465233           -0.814271            0.250102             1.02636           -0.715334
             5.56625             -1.0599           -0.114946            0.782416             0.34633            0.277488           -0.231385           -0.187092            0.465946           -0.856298            0.212051             1.04339           -0.677997
             5.59616            -1.06513           -0.101001            0.756184             0.35207            0.308948            -0.25107           -0.162918            0.466398           -0.897005            0.169622             1.05992            -0.63602
             5.62607            -1.06965          -0.0870453            0.728759            0.356476            0.340891           -0.269431           -0.139469             0.46666           -0.935739            0.122828             1.07521           -0.589488
             5.65598            -1.07348          -0.0730846             0.70021            0.359417            0.373265           -0.286333           -0.116644            0.466791           -0.971808           0.0718234             1.08845           -0.538614
             5.68589            -1.07663          -0.0591216            0.670627            0.360772               0.406            -0.30165          -0.0943415             0.46684            -1.00452           0.0169192             1.09886           -0.483759
              5.7158            -1.07912           -0.045158            0.640121            0.360429            0.438997           -0.315271          -0.0724589            0.466846            -1.03322          -0.0414063             1.10568            -0.42544
             5.74571            -1.08096          -0.0311946            0.608821            0.358295             0.47214           -0.327101          -0.0508954            0.466839            -1.05734           -0.102511             1.10824           -0.364328
             5.77562            -1.08216          -0.0172315            0.576871            0.354298            0.505291           -0.337066          -0.0295497            0.466838            -1.07643           -0.165607             1.10598           -0.301231
             5.80553            -1.08273         -0.00326824            0.544429             0.34839            0.538299           -0.345121         -0.00832122            0.466857            -1.09023           -0.229797             1.09855            -0.23706
             5.83544            -1.08266           0.0106959            0.511654            0.340552            0.571005           -0.351248           0.0128908              0.4669            -1.09864           -0.294114             1.08575           -0.172786
             5.86535            -1.08196           0.0246618            0.478708            0.330797            0.603248           -0.355459           0.0341868            0.466965            -1.10179           -0.357585             1.06761            -0.10938
             5.89526            -1.08061           0.0386298            0.445744            0.319163             0.63487           -0.357792            0.055667            0.467039            -1.10003           -0.419276             1.04436          -0.0477635
             5.92517            -1.07863           0.0526001            0.412903            0.305716            0.665723           -0.358316           0.0774318            0.467106            -1.09384           -0.478347              1.0164           0.0112409
             5.95508            -1.07598            0.066572            0.380309            0.290548            0.695673            -0.35712           0.0995814            0.467136            -1.08387           -0.534086            0.984288           0.0669504
             5.98499            -1.07267            0.080544            0.348064            0.273767            0.724604           -0.354311            0.122216            0.467094            -1.07087           -0.585936            0.948651            0.118842
                   6            -1.07075           0.0875531            0.332048            0.264787              0.7387            -0.35234            0.133789             0.46703            -1.06345           -0.610367            0.929656            0.143337
